,Id,TotalSteps,VeryActiveMinutes,FairlyActiveMinutes,LightlyActiveMinutes,SedentaryMinutes,Calories,PersonID,Day,TotalSleepRecords,TotalMinutesAsleep,TotalTimeInBed
0,1503960366,13162,25,13,328,728,1985,0,2016-04-12,1,327,346
1,1503960366,10735,21,19,217,776,1797,0,2016-04-13,2,384,407
2,1503960366,9762,29,34,209,726,1745,0,2016-04-15,1,412,442
3,1503960366,12669,36,10,221,773,1863,0,2016-04-16,2,340,367
4,1503960366,9705,38,20,164,539,1728,0,2016-04-17,1,700,712
5,1503960366,15506,50,31,264,775,2035,0,2016-04-19,1,304,320
6,1503960366,10544,28,12,205,818,1786,0,2016-04-20,1,360,377
7,1503960366,9819,19,8,211,838,1775,0,2016-04-21,1,325,364
8,1503960366,14371,41,21,262,732,1949,0,2016-04-23,1,361,384
9,1503960366,10039,39,5,238,709,1788,0,2016-04-24,1,430,449
10,1503960366,15355,73,14,216,814,2013,0,2016-04-25,1,277,323
11,1503960366,13755,31,23,279,833,1970,0,2016-04-26,1,245,274
12,1503960366,13154,48,28,189,782,1898,0,2016-04-28,1,366,393
13,1503960366,11181,16,12,243,815,1837,0,2016-04-29,1,341,354
14,1503960366,14673,52,34,217,712,1947,0,2016-04-30,1,404,425
15,1503960366,10602,33,35,246,730,1820,0,2016-05-01,1,369,396
16,1503960366,14727,41,15,277,798,2004,0,2016-05-02,1,277,309
17,1503960366,15103,50,24,254,816,1990,0,2016-05-03,1,273,296
18,1503960366,14070,45,24,250,857,1959,0,2016-05-05,1,247,264
19,1503960366,12159,24,6,289,754,1896,0,2016-05-06,1,334,367
20,1503960366,11992,37,46,175,833,1821,0,2016-05-07,1,331,349
21,1503960366,10060,44,8,203,574,1740,0,2016-05-08,1,594,611
22,1503960366,12022,46,11,206,835,1819,0,2016-05-09,1,338,342
23,1503960366,12207,46,31,214,746,1859,0,2016-05-10,1,383,403
24,1503960366,12770,36,23,251,669,1783,0,2016-05-11,1,285,306
25,1644430081,3176,0,0,120,1193,2498,2,2016-04-29,1,119,127
26,1644430081,18213,9,71,402,816,3846,2,2016-04-30,1,124,142
27,1644430081,3758,1,7,148,682,2580,2,2016-05-02,1,796,961
28,1644430081,6724,0,0,295,991,2987,2,2016-05-08,1,137,154
29,1844505072,3844,0,0,176,527,1725,3,2016-04-15,1,644,961
30,1844505072,4014,0,0,184,218,1763,3,2016-04-30,1,722,961
31,1844505072,2573,0,7,75,585,1541,3,2016-05-01,1,590,961
32,1927972279,678,0,0,55,734,2220,4,2016-04-12,3,750,775
33,1927972279,356,0,0,32,986,2151,4,2016-04-13,1,398,422
34,1927972279,980,0,0,51,941,2221,4,2016-04-15,2,475,499
35,1927972279,3761,0,0,192,1058,2638,4,2016-04-26,1,296,315
36,1927972279,1675,0,0,95,1167,2351,4,2016-04-28,1,166,178
37,2026352035,4414,3,8,181,706,1459,6,2016-04-12,1,503,546
38,2026352035,4993,0,0,238,663,1521,6,2016-04-13,1,531,565
39,2026352035,3335,0,0,197,653,1431,6,2016-04-14,1,545,568
40,2026352035,3821,0,0,188,687,1444,6,2016-04-15,1,523,573
41,2026352035,2547,0,0,150,728,1373,6,2016-04-16,1,524,567
42,2026352035,838,0,0,60,1053,1214,6,2016-04-17,1,437,498
43,2026352035,2424,0,0,141,785,1356,6,2016-04-19,1,498,540
44,2026352035,7222,0,0,327,623,1667,6,2016-04-20,1,461,510
45,2026352035,2467,0,0,153,749,1370,6,2016-04-21,1,477,514
46,2026352035,2915,0,0,162,712,1399,6,2016-04-22,1,520,545
47,2026352035,12357,0,0,432,458,1916,6,2016-04-23,1,522,554
48,2026352035,3490,0,0,164,704,1401,6,2016-04-24,1,555,591
49,2026352035,6017,0,0,260,821,1576,6,2016-04-25,1,506,531
50,2026352035,6088,0,0,286,586,1593,6,2016-04-27,1,508,545
51,2026352035,6375,0,0,331,626,1649,6,2016-04-28,1,513,545
52,2026352035,7604,0,0,352,492,1692,6,2016-04-29,1,490,510
53,2026352035,4729,0,0,233,594,1506,6,2016-04-30,1,573,607
54,2026352035,3609,0,0,191,716,1447,6,2016-05-01,1,527,546
55,2026352035,7018,0,0,355,716,1690,6,2016-05-02,1,511,543
56,2026352035,6564,0,0,345,530,1658,6,2016-05-04,1,538,560
57,2026352035,12167,0,0,475,479,1926,6,2016-05-05,1,468,485
58,2026352035,8198,0,0,383,511,1736,6,2016-05-06,1,524,548
59,2026352035,4193,0,0,229,665,1491,6,2016-05-07,1,511,521
60,2026352035,5528,0,0,258,610,1555,6,2016-05-08,1,541,568
61,2026352035,10685,0,0,401,543,1869,6,2016-05-09,1,531,556
62,2026352035,254,0,0,17,1002,1141,6,2016-05-10,1,357,380
63,2026352035,8580,0,0,330,569,1698,6,2016-05-11,1,523,553
64,2026352035,8891,0,0,343,330,1364,6,2016-05-12,1,456,485
65,2320127002,5079,0,0,242,1129,1804,7,2016-04-23,1,61,69
66,2347167796,10352,19,32,195,676,2038,8,2016-04-13,1,467,531
67,2347167796,10129,1,48,206,705,2010,8,2016-04-14,1,445,489
68,2347167796,10465,1,24,284,720,2133,8,2016-04-15,1,452,504
69,2347167796,5472,1,7,249,508,1882,8,2016-04-17,1,556,602
70,2347167796,8247,11,16,206,678,1944,8,2016-04-18,1,500,557
71,2347167796,6711,0,7,382,648,2346,8,2016-04-19,1,465,514
72,2347167796,10080,23,26,208,761,2048,8,2016-04-21,1,460,484
73,2347167796,7804,9,27,206,781,1946,8,2016-04-22,1,405,461
74,2347167796,16901,32,35,360,591,2629,8,2016-04-23,1,374,386
75,2347167796,9471,0,0,360,584,2187,8,2016-04-24,1,442,459
76,2347167796,9482,15,11,277,653,2095,8,2016-04-25,1,433,471
77,2347167796,5980,0,0,227,732,1861,8,2016-04-26,1,436,490
78,2347167796,11423,26,9,295,623,2194,8,2016-04-27,1,448,499
79,2347167796,5439,0,0,229,764,1854,8,2016-04-28,1,408,450
80,2347167796,42,0,0,4,2,403,8,2016-04-29,1,411,473
81,3977333714,8856,44,19,131,777,1450,11,2016-04-12,1,274,469
82,3977333714,10035,31,46,153,754,1495,11,2016-04-13,2,295,456
83,3977333714,7641,5,23,214,801,1433,11,2016-04-14,1,291,397
84,3977333714,9010,15,42,183,644,1468,11,2016-04-15,1,424,556
85,3977333714,13459,31,83,153,663,1625,11,2016-04-16,1,283,510
86,3977333714,10415,11,58,205,600,1529,11,2016-04-17,1,381,566
87,3977333714,11663,4,95,214,605,1584,11,2016-04-18,2,412,522
88,3977333714,12414,19,67,221,738,1638,11,2016-04-19,1,219,395
89,3977333714,11658,2,98,164,845,1554,11,2016-04-20,2,152,305
90,3977333714,6093,0,0,242,712,1397,11,2016-04-21,1,332,512
91,3977333714,8911,33,12,188,731,1481,11,2016-04-22,1,355,476
92,3977333714,12058,0,92,252,724,1638,11,2016-04-23,1,235,372
93,3977333714,14112,30,95,129,660,1655,11,2016-04-24,1,310,526
94,3977333714,11177,50,9,133,781,1570,11,2016-04-25,1,262,467
95,3977333714,11388,7,95,170,797,1551,11,2016-04-26,1,250,371
96,3977333714,7193,0,10,176,714,1377,11,2016-04-27,1,349,540
97,3977333714,7114,15,8,190,804,1407,11,2016-04-28,1,261,423
98,3977333714,10645,36,32,150,744,1545,11,2016-04-29,1,333,478
99,3977333714,13238,43,52,194,687,1650,11,2016-04-30,1,237,382
100,3977333714,10414,41,40,124,691,1501,11,2016-05-01,1,383,626
101,3977333714,16520,24,143,176,713,1760,11,2016-05-02,1,230,384
102,3977333714,14335,47,41,258,594,1710,11,2016-05-03,1,292,500
103,3977333714,13559,14,96,142,852,1628,11,2016-05-04,1,213,336
104,3977333714,12312,14,88,178,680,1618,11,2016-05-05,1,318,480
105,3977333714,11677,29,55,168,676,1590,11,2016-05-06,1,323,512
106,3977333714,11550,0,86,208,703,1574,11,2016-05-07,1,237,443
107,3977333714,13585,9,116,171,688,1633,11,2016-05-08,2,259,456
108,3977333714,13072,1,115,196,676,1630,11,2016-05-10,1,312,452
109,4020332650,8539,4,15,331,712,3654,12,2016-04-12,1,501,541
110,4020332650,1982,65,21,55,1222,3051,12,2016-04-16,1,77,77
111,4020332650,4496,0,0,174,950,2828,12,2016-05-03,1,322,332
112,4020332650,10252,13,46,346,531,3879,12,2016-05-04,1,478,536
113,4020332650,11728,38,42,196,916,3429,12,2016-05-05,1,226,248
114,4020332650,4369,0,0,177,855,2704,12,2016-05-06,1,385,408
115,4020332650,5862,0,0,263,775,3089,12,2016-05-08,1,364,402
116,4020332650,5546,0,0,206,774,2926,12,2016-05-10,1,442,494
117,4319703577,10210,1,9,339,589,2302,14,2016-04-14,1,535,557
118,4319703577,5664,0,0,228,752,1985,14,2016-04-15,1,465,491
119,4319703577,4744,0,0,194,724,1884,14,2016-04-16,1,506,522
120,4319703577,2276,1,9,58,824,1632,14,2016-04-18,1,515,551
121,4319703577,8925,0,0,311,604,2200,14,2016-04-19,2,461,498
122,4319703577,8954,0,18,306,671,2220,14,2016-04-20,1,523,543
123,4319703577,3702,0,0,34,1265,1792,14,2016-04-21,1,59,65
124,4319703577,4500,1,19,176,709,1886,14,2016-04-22,1,533,550
125,4319703577,4935,0,0,233,546,1945,14,2016-04-23,1,692,722
126,4319703577,4081,1,5,191,692,1880,14,2016-04-24,1,467,501
127,4319703577,9259,0,8,390,544,2314,14,2016-04-25,1,488,506
128,4319703577,9899,8,21,288,649,2236,14,2016-04-26,1,505,516
129,4319703577,10780,6,47,300,680,2324,14,2016-04-27,1,286,307
130,4319703577,10817,13,8,359,552,2367,14,2016-04-28,1,497,522
131,4319703577,7990,6,18,289,624,2175,14,2016-04-29,1,523,546
132,4319703577,8221,6,38,196,695,2092,14,2016-04-30,1,490,516
133,4319703577,1251,0,0,67,836,1593,14,2016-05-01,1,484,500
134,4319703577,9261,0,11,344,585,2270,14,2016-05-02,1,478,506
135,4319703577,9648,8,26,287,669,2235,14,2016-05-03,1,474,512
136,4319703577,9524,6,11,314,692,2266,14,2016-05-06,1,450,491
137,4319703577,7937,3,28,279,586,2158,14,2016-05-07,1,507,530
138,4319703577,3672,0,0,153,603,1792,14,2016-05-08,1,602,638
139,4319703577,10378,2,14,374,490,2345,14,2016-05-09,1,535,565
140,4319703577,9487,3,12,329,555,2260,14,2016-05-10,1,487,517
141,4319703577,9129,3,18,311,574,2232,14,2016-05-11,1,529,558
142,4319703577,17,0,0,2,0,257,14,2016-05-12,1,302,321
143,4388161847,8758,0,0,299,837,3066,15,2016-04-15,1,499,526
144,4388161847,6580,6,9,253,609,3073,15,2016-04-16,2,426,448
145,4388161847,4660,0,0,201,721,2572,15,2016-04-17,2,619,641
146,4388161847,11009,27,8,239,1017,3274,15,2016-04-18,1,99,104
147,4388161847,10181,20,16,249,704,3015,15,2016-04-19,1,329,338
148,4388161847,10553,19,42,228,696,3083,15,2016-04-20,1,421,451
149,4388161847,10055,7,12,272,853,3069,15,2016-04-21,1,442,458
150,4388161847,12139,77,25,220,945,3544,15,2016-04-22,1,82,85
151,4388161847,13236,58,5,215,749,3306,15,2016-04-23,1,478,501
152,4388161847,10243,14,8,239,584,2885,15,2016-04-24,3,552,595
153,4388161847,9461,14,23,224,673,2929,15,2016-04-26,1,319,346
154,4388161847,11193,11,48,241,684,3074,15,2016-04-27,1,439,500
155,4388161847,10074,19,9,234,878,2969,15,2016-04-28,1,428,458
156,4388161847,12533,14,43,300,537,3283,15,2016-04-30,2,409,430
157,4388161847,10255,12,15,241,579,2926,15,2016-05-01,1,547,597
158,4388161847,10096,33,4,204,935,3147,15,2016-05-02,2,368,376
159,4388161847,12375,35,21,251,632,3162,15,2016-05-04,1,390,414
160,4388161847,9603,12,39,199,896,2899,15,2016-05-05,1,471,495
161,4388161847,9603,12,39,199,896,2899,15,2016-05-05,1,471,495
162,4388161847,22770,120,56,260,508,4022,15,2016-05-07,1,472,496
163,4388161847,17298,107,38,178,576,3934,15,2016-05-08,2,529,541
164,4388161847,10218,6,19,258,1020,3013,15,2016-05-09,1,62,65
165,4388161847,10299,13,14,267,648,3061,15,2016-05-10,1,354,375
166,4388161847,10201,8,18,256,858,2954,15,2016-05-11,1,469,494
167,4445114986,3276,0,0,196,787,2113,16,2016-04-12,2,429,457
168,4445114986,2961,0,0,194,840,2095,16,2016-04-13,2,370,406
169,4445114986,3974,0,0,231,717,2194,16,2016-04-14,1,441,492
170,4445114986,7198,0,0,350,711,2496,16,2016-04-15,2,337,379
171,4445114986,3945,0,0,225,716,2180,16,2016-04-16,1,462,499
172,4445114986,2268,0,0,114,1219,1933,16,2016-04-17,1,98,107
173,4445114986,2064,0,0,121,895,1954,16,2016-04-19,2,388,424
174,4445114986,2072,0,0,137,841,1974,16,2016-04-20,1,439,462
175,4445114986,3809,0,0,215,756,2150,16,2016-04-21,1,436,469
176,4445114986,6831,0,0,317,706,2432,16,2016-04-22,1,388,417
177,4445114986,3385,0,0,179,916,2070,16,2016-04-25,1,328,345
178,4445114986,6326,29,1,180,839,2291,16,2016-04-26,2,353,391
179,4445114986,7243,32,1,194,839,2361,16,2016-04-27,1,332,374
180,4445114986,4493,0,0,236,762,2203,16,2016-04-28,1,419,442
181,4445114986,4676,0,0,226,1106,2196,16,2016-04-29,1,106,108
182,4445114986,6222,0,0,290,797,2363,16,2016-04-30,1,322,353
183,4445114986,5232,0,0,240,741,2246,16,2016-05-01,2,439,459
184,4445114986,6910,27,4,200,667,2336,16,2016-05-02,1,502,542
185,4445114986,7502,30,2,233,725,2421,16,2016-05-03,2,417,450
186,4445114986,2923,0,0,180,897,2070,16,2016-05-04,2,337,363
187,4445114986,3800,2,6,185,734,2120,16,2016-05-05,2,462,513
188,4445114986,4514,0,0,229,809,2211,16,2016-05-06,2,374,402
189,4445114986,5183,26,4,108,866,2123,16,2016-05-07,2,401,436
190,4445114986,7303,0,8,308,733,2423,16,2016-05-08,1,361,391
191,4445114986,5275,0,0,266,641,2281,16,2016-05-09,1,457,533
192,4445114986,3915,0,0,231,783,2181,16,2016-05-10,1,405,426
193,4445114986,9105,34,22,232,622,2499,16,2016-05-11,1,499,530
194,4445114986,768,0,0,58,380,1212,16,2016-05-12,1,483,501
195,4558609924,13743,6,21,432,844,2486,17,2016-04-21,1,126,137
196,4558609924,9148,12,41,283,1062,2223,17,2016-04-26,1,103,121
197,4558609924,7833,15,29,197,1096,1918,17,2016-04-29,1,171,179
198,4558609924,3428,0,0,190,1121,1692,17,2016-05-01,1,115,129
199,4558609924,6543,66,35,238,1019,2666,17,2016-05-08,1,123,134
200,4702921684,7213,0,0,263,718,2947,18,2016-04-12,1,425,439
201,4702921684,6877,0,0,258,777,2898,18,2016-04-13,2,400,430
202,4702921684,7860,0,0,271,772,2984,18,2016-04-14,1,384,415
203,4702921684,6506,1,8,256,944,2896,18,2016-04-15,1,253,257
204,4702921684,11140,3,24,335,556,3328,18,2016-04-16,2,382,406
205,4702921684,12692,12,66,302,437,3394,18,2016-04-17,1,591,612
206,4702921684,9105,22,30,191,890,3013,18,2016-04-18,1,293,312
207,4702921684,6708,10,8,179,757,2812,18,2016-04-19,1,457,487
208,4702921684,8793,2,29,260,717,3061,18,2016-04-20,1,454,468
209,4702921684,6530,4,41,144,901,2729,18,2016-04-21,1,425,434
210,4702921684,15126,9,66,408,469,3691,18,2016-04-23,1,465,475
211,4702921684,15050,15,95,281,542,3538,18,2016-04-24,1,480,506
212,4702921684,9167,6,15,270,730,3064,18,2016-04-25,1,370,380
213,4702921684,6108,1,8,216,765,2784,18,2016-04-26,1,421,429
214,4702921684,7047,1,16,238,733,2908,18,2016-04-27,1,432,449
215,4702921684,9023,14,9,232,738,3033,18,2016-04-28,1,442,461
216,4702921684,9930,12,19,267,692,3165,18,2016-04-29,1,433,447
217,4702921684,10144,4,36,263,728,3115,18,2016-04-30,1,479,501
218,4702921684,9454,0,0,313,729,3145,18,2016-05-03,1,327,373
219,4702921684,8161,4,15,251,757,3004,18,2016-05-04,1,412,434
220,4702921684,8614,8,5,241,745,3006,18,2016-05-05,1,414,428
221,4702921684,6943,1,16,207,682,2859,18,2016-05-06,1,404,449
222,4702921684,14370,5,46,439,577,3683,18,2016-05-07,1,520,543
223,4702921684,14370,5,46,439,577,3683,18,2016-05-07,1,520,543
224,4702921684,8232,0,12,253,746,2990,18,2016-05-09,1,435,458
225,4702921684,10613,1,37,262,701,3172,18,2016-05-10,1,416,431
226,4702921684,9810,10,41,235,784,3069,18,2016-05-11,1,354,366
227,4702921684,2752,0,0,68,241,1240,18,2016-05-12,1,404,442
228,5553957443,11596,19,13,277,767,2026,19,2016-04-12,1,441,464
229,5553957443,4832,0,0,226,647,1718,19,2016-04-13,2,455,488
230,5553957443,17022,61,41,256,693,2324,19,2016-04-14,1,357,418
231,5553957443,16556,58,38,239,689,2254,19,2016-04-15,1,377,409
232,5553957443,5771,0,0,288,521,1831,19,2016-04-16,2,651,686
233,5553957443,655,0,0,46,943,1397,19,2016-04-17,1,350,402
234,5553957443,3727,0,0,206,622,1683,19,2016-04-18,2,520,541
235,5553957443,15482,69,28,249,756,2284,19,2016-04-19,1,357,410
236,5553957443,2713,0,0,148,598,1570,19,2016-04-20,1,658,678
237,5553957443,12346,47,42,177,801,2066,19,2016-04-21,1,399,431
238,5553957443,11682,25,16,270,781,2105,19,2016-04-22,1,322,353
239,5553957443,4112,0,0,272,443,1776,19,2016-04-23,2,631,725
240,5553957443,1807,0,0,104,582,1507,19,2016-04-24,2,553,640
241,5553957443,10946,51,11,201,732,2033,19,2016-04-25,1,433,468
242,5553957443,11886,40,18,238,750,2093,19,2016-04-26,1,412,453
243,5553957443,10538,16,16,206,745,1922,19,2016-04-27,1,347,391
244,5553957443,11393,49,13,165,727,1999,19,2016-04-28,1,421,457
245,5553957443,12764,46,15,270,709,2169,19,2016-04-29,1,450,495
246,5553957443,1202,0,0,84,506,1463,19,2016-04-30,2,775,843
247,5553957443,5164,0,0,237,436,1747,19,2016-05-01,2,622,686
248,5553957443,9769,23,9,227,724,1996,19,2016-05-02,1,409,471
249,5553957443,12848,26,29,247,812,2116,19,2016-05-03,1,380,429
250,5553957443,4249,0,0,224,651,1698,19,2016-05-04,1,447,470
251,5553957443,14331,44,29,241,692,2156,19,2016-05-05,1,419,464
252,5553957443,9632,21,9,229,761,1916,19,2016-05-06,1,400,434
253,5553957443,1868,0,0,96,902,1494,19,2016-05-07,1,442,470
254,5553957443,6083,3,8,210,505,1762,19,2016-05-08,1,568,608
255,5553957443,11611,59,22,251,667,2272,19,2016-05-09,1,453,494
256,5553957443,16358,61,40,265,707,2335,19,2016-05-10,1,418,443
257,5553957443,4926,0,0,195,628,1693,19,2016-05-11,1,463,486
258,5553957443,3121,8,6,48,222,741,19,2016-05-12,1,438,475
259,5577150313,8135,86,16,140,728,3405,20,2016-04-12,1,419,438
260,5577150313,5077,15,11,144,776,2551,20,2016-04-13,1,432,458
261,5577150313,8596,118,30,176,662,4022,20,2016-04-14,1,477,497
262,5577150313,12087,115,54,199,695,4005,20,2016-04-15,1,392,413
263,5577150313,14269,184,56,158,472,4274,20,2016-04-16,1,406,445
264,5577150313,12231,200,37,159,525,4552,20,2016-04-17,1,549,583
265,5577150313,9893,114,32,130,623,3625,20,2016-04-18,1,527,553
266,5577150313,12574,108,23,111,733,3501,20,2016-04-19,1,449,465
267,5577150313,8330,87,16,113,773,3192,20,2016-04-20,1,447,480
268,5577150313,10830,110,74,175,670,4018,20,2016-04-21,1,414,437
269,5577150313,9172,62,30,200,823,3329,20,2016-04-22,1,338,366
270,5577150313,7638,24,24,223,627,3152,20,2016-04-23,1,384,402
271,5577150313,15764,210,65,141,425,4392,20,2016-04-24,1,543,615
272,5577150313,6393,61,38,214,743,3374,20,2016-04-25,1,421,461
273,5577150313,5325,38,32,181,759,3088,20,2016-04-26,1,354,377
274,5577150313,6805,63,16,190,773,3294,20,2016-04-27,1,424,452
275,5577150313,9841,99,51,141,692,3580,20,2016-04-28,1,361,372
276,5577150313,7924,97,36,165,739,3544,20,2016-04-29,1,459,485
277,5577150313,12363,207,45,163,621,4501,20,2016-04-30,1,412,433
278,5577150313,13368,194,72,178,499,4546,20,2016-05-01,1,379,398
279,5577150313,7439,37,20,235,732,3014,20,2016-05-02,2,525,553
280,5577150313,11045,97,8,212,580,3795,20,2016-05-03,1,508,543
281,5577150313,5206,25,9,141,631,2755,20,2016-05-04,1,603,634
282,5577150313,7550,45,21,143,1153,3004,20,2016-05-05,1,74,78
283,5577150313,8869,104,37,194,639,3841,20,2016-05-10,1,504,562
284,5577150313,4038,45,15,63,257,1665,20,2016-05-11,1,431,476
285,6117666160,14450,7,15,518,502,2828,21,2016-04-16,1,380,398
286,6117666160,7150,0,0,312,702,2225,21,2016-04-17,2,336,350
287,6117666160,5153,0,0,241,759,2018,21,2016-04-18,2,493,510
288,6117666160,11135,0,0,480,425,2606,21,2016-04-19,1,465,492
289,6117666160,10449,26,10,349,587,2536,21,2016-04-20,1,474,502
290,6117666160,19542,11,19,294,579,4900,21,2016-04-21,1,508,550
291,6117666160,8206,0,0,402,413,2409,21,2016-04-22,1,480,546
292,6117666160,11495,0,0,512,468,2651,21,2016-04-23,1,492,539
293,6117666160,7623,0,0,362,711,2305,21,2016-04-24,1,353,367
294,6117666160,9411,0,0,458,417,2576,21,2016-04-27,1,542,557
295,6117666160,3403,0,0,141,758,1879,21,2016-04-28,1,393,416
296,6117666160,9592,0,0,461,479,2560,21,2016-04-29,1,600,636
297,6117666160,8915,0,0,397,525,2361,21,2016-05-01,1,507,575
298,6117666160,9799,0,0,487,479,2636,21,2016-05-05,1,392,415
299,6117666160,3365,0,0,133,673,1838,21,2016-05-06,2,658,698
300,6117666160,7336,0,0,412,456,2469,21,2016-05-07,2,498,507
301,6117666160,7328,0,0,318,517,2250,21,2016-05-08,1,555,603
302,6117666160,4477,0,0,197,125,1248,21,2016-05-09,1,492,522
303,6775888955,4053,17,18,85,1053,2400,23,2016-04-13,1,235,260
304,6775888955,5162,14,24,105,863,2507,23,2016-04-14,1,423,441
305,6775888955,1282,0,0,58,976,2127,23,2016-04-15,1,391,406
306,6962181067,10199,50,14,189,796,1994,24,2016-04-12,1,366,387
307,6962181067,5652,8,24,142,548,1718,24,2016-04-13,3,630,679
308,6962181067,1551,0,0,86,862,1466,24,2016-04-14,2,508,535
309,6962181067,5563,0,0,217,837,1756,24,2016-04-15,1,370,386
310,6962181067,13217,50,3,280,741,2173,24,2016-04-16,1,357,366
311,6962181067,10145,5,13,295,634,2027,24,2016-04-17,1,427,446
312,6962181067,11404,13,42,238,689,2039,24,2016-04-18,1,442,458
313,6962181067,10742,35,41,195,659,2046,24,2016-04-19,1,476,535
314,6962181067,13928,48,4,297,639,2174,24,2016-04-20,1,418,424
315,6962181067,11835,53,27,214,708,2179,24,2016-04-21,1,451,457
316,6962181067,10725,30,33,240,659,2086,24,2016-04-22,1,425,435
317,6962181067,20031,58,41,347,484,2571,24,2016-04-23,1,528,546
318,6962181067,5029,0,0,199,720,1705,24,2016-04-24,1,511,514
319,6962181067,13239,35,31,282,637,2194,24,2016-04-25,1,400,415
320,6962181067,10433,36,7,254,680,2012,24,2016-04-26,1,441,446
321,6962181067,10320,7,38,279,697,2034,24,2016-04-27,1,455,467
322,6962181067,12627,38,8,288,621,2182,24,2016-04-28,1,440,453
323,6962181067,10762,12,15,369,645,2254,24,2016-04-29,1,433,447
324,6962181067,10081,32,16,237,731,2002,24,2016-04-30,1,422,424
325,6962181067,5454,0,0,215,722,1740,24,2016-05-01,1,411,426
326,6962181067,12912,18,39,313,655,2162,24,2016-05-02,1,466,482
327,6962181067,12109,21,36,267,654,2072,24,2016-05-03,1,394,418
328,6962181067,10147,15,36,284,683,2086,24,2016-05-04,1,442,455
329,6962181067,10524,14,22,305,591,2066,24,2016-05-05,1,467,491
330,6962181067,5908,0,0,299,717,1850,24,2016-05-06,1,443,462
331,6962181067,6815,0,0,328,745,1947,24,2016-05-07,1,298,334
332,6962181067,4188,0,14,151,709,1659,24,2016-05-08,1,541,569
333,6962181067,12342,43,21,231,607,2105,24,2016-05-09,1,489,497
334,6962181067,15448,62,34,275,626,2361,24,2016-05-10,1,469,481
335,6962181067,6722,24,7,199,709,1855,24,2016-05-11,1,452,480
336,6962181067,3587,0,8,105,127,928,24,2016-05-12,1,516,535
337,7007744171,4631,0,0,203,1155,2076,25,2016-04-16,1,79,82
338,7007744171,5600,0,0,237,1142,2225,25,2016-05-01,1,58,61
339,7086361926,11317,59,6,153,745,2772,26,2016-04-12,1,514,525
340,7086361926,5813,31,26,155,744,2516,26,2016-04-13,1,451,465
341,7086361926,9123,35,32,189,787,2734,26,2016-04-14,1,472,476
342,7086361926,8585,30,21,139,864,2395,26,2016-04-15,1,377,386
343,7086361926,10688,67,69,124,671,2944,26,2016-04-19,1,472,483
344,7086361926,14365,87,13,145,797,2997,26,2016-04-20,1,492,502
345,7086361926,9469,19,6,206,758,2463,26,2016-04-21,1,390,411
346,7086361926,9753,58,59,153,762,2846,26,2016-04-22,1,428,448
347,7086361926,3520,0,0,125,566,2049,26,2016-04-24,1,681,704
348,7086361926,10091,69,39,129,706,2752,26,2016-04-25,1,446,447
349,7086361926,10387,70,33,132,726,2781,26,2016-04-26,1,485,500
350,7086361926,11107,55,6,145,829,2693,26,2016-04-27,1,469,479
351,7086361926,11584,54,48,161,810,2862,26,2016-04-28,1,354,367
352,7086361926,14560,42,17,308,584,2995,26,2016-04-30,1,485,489
353,7086361926,12390,30,15,258,685,2730,26,2016-05-01,1,388,407
354,7086361926,10052,66,26,139,737,2754,26,2016-05-02,1,440,459
355,7086361926,10288,57,36,152,761,2754,26,2016-05-03,1,456,461
356,7086361926,10988,45,12,135,843,2655,26,2016-05-04,1,420,436
357,7086361926,12461,84,35,154,834,2924,26,2016-05-06,1,322,333
358,7086361926,12827,20,42,209,621,2739,26,2016-05-07,1,530,548
359,7086361926,10677,32,27,147,695,2534,26,2016-05-08,1,481,510
360,7086361926,13566,67,50,171,743,2960,26,2016-05-09,1,427,438
361,7086361926,9572,57,40,128,757,2735,26,2016-05-11,1,451,463
362,7086361926,3789,5,4,58,343,1199,26,2016-05-12,1,444,457
363,8053475328,15108,89,5,158,695,3043,27,2016-04-20,1,486,493
364,8053475328,22359,125,14,223,741,3554,27,2016-04-23,1,331,337
365,8053475328,19769,121,20,148,1076,3331,27,2016-05-07,1,74,75
366,8378563200,7626,65,15,156,723,3635,29,2016-04-12,1,338,356
367,8378563200,12386,116,14,169,680,4079,29,2016-04-13,2,447,487
368,8378563200,13318,123,21,174,699,4163,29,2016-04-14,1,424,455
369,8378563200,14461,60,23,190,729,3666,29,2016-04-15,1,513,533
370,8378563200,11207,64,21,142,563,3363,29,2016-04-16,2,611,689
371,8378563200,2132,0,0,93,599,2572,29,2016-04-17,2,525,591
372,8378563200,13630,117,10,174,720,4157,29,2016-04-18,1,398,451
373,8378563200,13070,120,19,154,737,4092,29,2016-04-19,1,387,421
374,8378563200,9388,82,8,169,763,3787,29,2016-04-20,1,381,409
375,8378563200,15148,137,16,145,677,4236,29,2016-04-21,1,396,417
376,8378563200,12200,113,12,159,769,4044,29,2016-04-22,1,441,469
377,8378563200,5709,19,10,136,740,2908,29,2016-04-23,1,565,591
378,8378563200,3703,0,0,135,734,2741,29,2016-04-24,1,458,492
379,8378563200,12405,117,16,141,692,4005,29,2016-04-25,1,388,402
380,8378563200,12405,117,16,141,692,4005,29,2016-04-25,1,388,402
381,8378563200,16208,90,18,161,593,3763,29,2016-04-26,1,550,584
382,8378563200,7359,4,4,192,676,3061,29,2016-04-27,1,531,600
383,8378563200,5417,11,10,139,711,2884,29,2016-04-28,1,506,556
384,8378563200,6175,3,7,172,767,2982,29,2016-04-29,1,527,562
385,8378563200,2946,0,0,121,780,2660,29,2016-04-30,1,468,555
386,8378563200,11419,71,10,127,669,3369,29,2016-05-01,1,475,539
387,8378563200,6064,63,4,142,802,3491,29,2016-05-02,1,351,385
388,8378563200,8712,71,20,195,822,3784,29,2016-05-03,1,405,429
389,8378563200,7875,19,10,167,680,3110,29,2016-05-04,1,441,477
390,8378563200,8567,66,3,214,764,3783,29,2016-05-05,1,381,417
391,8378563200,7045,74,5,166,831,3644,29,2016-05-06,1,323,355
392,8378563200,4468,0,0,158,851,2799,29,2016-05-07,2,459,513
393,8378563200,2943,0,0,139,621,2685,29,2016-05-08,1,545,606
394,8378563200,8382,71,13,171,772,3721,29,2016-05-09,1,359,399
395,8378563200,6582,63,13,152,840,3586,29,2016-05-10,1,342,391
396,8378563200,9143,72,10,184,763,3788,29,2016-05-11,1,368,387
397,8378563200,4561,8,6,102,433,1976,29,2016-05-12,1,496,546
398,8792009665,2564,0,0,116,831,2044,31,2016-04-12,1,458,493
399,8792009665,1320,0,0,82,806,1934,31,2016-04-13,1,531,552
400,8792009665,1219,0,0,84,853,1963,31,2016-04-14,1,486,503
401,8792009665,2483,0,0,126,937,2009,31,2016-04-15,1,363,377
402,8792009665,3147,0,10,139,744,2188,31,2016-04-20,1,528,547
403,8792009665,4068,1,20,195,817,2419,31,2016-04-22,1,391,407
404,8792009665,5245,8,45,232,795,2748,31,2016-04-23,1,339,360
405,8792009665,1758,0,0,112,900,2067,31,2016-04-27,1,423,428
406,8792009665,6157,0,0,310,714,2780,31,2016-04-28,1,402,416
407,8792009665,8360,6,14,380,634,3101,31,2016-04-29,1,398,406
408,8792009665,7174,10,20,301,749,2896,31,2016-04-30,1,343,360
409,8792009665,1619,0,0,79,834,1962,31,2016-05-01,1,503,527
410,8792009665,1831,0,0,101,916,2015,31,2016-05-02,1,415,423
411,8792009665,2421,0,0,156,739,2297,31,2016-05-03,1,516,545
412,8792009665,2283,0,0,129,848,2067,31,2016-05-04,1,439,463
