,Id,Date,stdChange,maxChange,minChange,numOfDrasticPositiveChanges,numOfDrasticNegativeChanges,TotalSleepRecords,TotalMinutesAsleep,TotalTimeInBed
0,2026352035,2016-04-17,1.079504746345378,5.0,-4.0,3.0,5.0,1,437,498
1,2026352035,2016-04-25,2.489580151838899,36.0,-13.0,8.0,4.0,1,506,531
2,2026352035,2016-05-02,2.1977679577505533,27.0,-10.0,3.0,8.0,1,511,543
3,2026352035,2016-05-09,1.9460754030775274,17.0,-17.0,15.0,27.0,1,531,556
4,2347167796,2016-04-13,2.603547802491508,89.0,-39.0,88.0,110.0,1,467,531
5,2347167796,2016-04-14,2.2639186579388246,78.0,-18.0,88.0,145.0,1,445,489
6,2347167796,2016-04-15,2.0942125492633528,31.0,-24.0,83.0,129.0,1,452,504
7,2347167796,2016-04-17,2.3007783560129402,40.0,-21.0,106.0,158.0,1,556,602
8,2347167796,2016-04-18,2.2670071145984942,42.0,-28.0,97.0,129.0,1,500,557
9,2347167796,2016-04-19,2.4840274209475557,77.0,-34.0,47.0,73.0,1,465,514
10,2347167796,2016-04-21,2.462946772563081,48.0,-53.0,86.0,94.0,1,460,484
11,2347167796,2016-04-22,2.3254690398830604,57.0,-42.0,94.0,138.0,1,405,461
12,2347167796,2016-04-23,2.338517651464026,26.0,-24.0,117.0,140.0,1,374,386
13,2347167796,2016-04-24,2.3402171722815495,44.0,-39.0,73.0,122.0,1,442,459
14,2347167796,2016-04-25,2.2401716109344045,36.0,-34.0,91.0,125.0,1,433,471
15,2347167796,2016-04-26,2.051460395664624,39.0,-33.0,77.0,109.0,1,436,490
16,2347167796,2016-04-27,2.40103274749747,38.0,-31.0,66.0,112.0,1,448,499
17,2347167796,2016-04-28,2.0482312827095748,26.0,-21.0,89.0,121.0,1,408,450
18,2347167796,2016-04-29,2.35829765412785,22.0,-21.0,37.0,40.0,1,411,473
19,4020332650,2016-04-12,0.7470767985461867,13.0,-24.0,294.0,411.0,1,501,541
20,4020332650,2016-04-16,1.8875324196889627,53.0,-37.0,50.0,33.0,1,77,77
21,4020332650,2016-05-03,0.8857085308657773,15.0,-23.0,275.0,182.0,1,322,332
22,4020332650,2016-05-04,1.0600730032311088,38.0,-52.0,246.0,225.0,1,478,536
23,4020332650,2016-05-05,0.888904680802962,20.0,-23.0,101.0,103.0,1,226,248
24,4020332650,2016-05-06,0.8850516336252762,16.0,-24.0,140.0,174.0,1,385,408
25,4020332650,2016-05-08,0.9704581278550836,21.0,-29.0,263.0,226.0,1,364,402
26,4020332650,2016-05-10,1.0966019200069212,20.0,-39.0,246.0,161.0,1,442,494
27,4388161847,2016-04-15,2.486818451361357,46.0,-30.0,90.0,94.0,1,499,526
28,4388161847,2016-04-16,2.4432229175213185,38.0,-24.0,109.0,104.0,2,426,448
29,4388161847,2016-04-17,2.4091632516930126,23.0,-22.0,104.0,83.0,2,619,641
30,4388161847,2016-04-18,2.457816389188995,38.0,-31.0,102.0,83.0,1,99,104
31,4388161847,2016-04-19,2.4462296782179886,30.0,-41.0,82.0,103.0,1,329,338
32,4388161847,2016-04-20,2.441857799586013,27.0,-29.0,89.0,99.0,1,421,451
33,4388161847,2016-04-21,2.469418052768976,43.0,-50.0,67.0,67.0,1,442,458
34,4388161847,2016-04-22,2.304665518856043,19.0,-29.0,113.0,136.0,1,82,85
35,4388161847,2016-04-23,2.4437039432073915,30.0,-36.0,89.0,92.0,1,478,501
36,4388161847,2016-04-24,2.354934587450655,35.0,-15.0,139.0,120.0,3,552,595
37,4388161847,2016-04-26,2.4685494041486242,28.0,-22.0,107.0,104.0,1,319,346
38,4388161847,2016-04-27,2.4462565155753757,47.0,-24.0,106.0,91.0,1,439,500
39,4388161847,2016-04-28,2.4122832065082336,37.0,-17.0,90.0,55.0,1,428,458
40,4388161847,2016-04-30,2.3256305925897838,48.0,-23.0,135.0,128.0,2,409,430
41,4388161847,2016-05-01,2.2963696792561707,34.0,-18.0,118.0,99.0,1,547,597
42,4388161847,2016-05-02,2.4382744086825063,41.0,-29.0,68.0,69.0,2,368,376
43,4388161847,2016-05-04,2.5460752483609923,29.0,-37.0,123.0,103.0,1,390,414
44,4388161847,2016-05-05,2.4473358505546856,30.0,-31.0,84.0,75.0,1,471,495
45,4388161847,2016-05-05,2.4473358505546856,30.0,-31.0,84.0,75.0,1,471,495
46,4388161847,2016-05-07,2.5907950298501623,27.0,-27.0,113.0,113.0,1,472,496
47,4388161847,2016-05-08,2.417065947012574,32.0,-23.0,116.0,73.0,2,529,541
48,4388161847,2016-05-09,2.3113918907696425,24.0,-35.0,126.0,105.0,1,62,65
49,4388161847,2016-05-10,2.3276432053247675,32.0,-17.0,178.0,142.0,1,354,375
50,4388161847,2016-05-11,2.349759447031939,28.0,-20.0,149.0,128.0,1,469,494
51,4558609924,2016-04-21,2.4698793091274727,24.0,-39.0,73.0,89.0,1,126,137
52,4558609924,2016-04-26,2.4232272360595886,33.0,-28.0,72.0,76.0,1,103,121
53,4558609924,2016-04-29,2.4656090130485375,54.0,-32.0,64.0,89.0,1,171,179
54,4558609924,2016-05-01,2.525505487535728,65.0,-24.0,41.0,70.0,1,115,129
55,4558609924,2016-05-08,3.731974806216697,65.0,-61.0,33.0,24.0,1,123,134
56,5553957443,2016-04-12,1.547549048896855,24.0,-21.0,128.0,119.0,1,441,464
57,5553957443,2016-04-13,1.5055170636931328,29.0,-15.0,105.0,111.0,2,455,488
58,5553957443,2016-04-14,1.5454344406247325,17.0,-23.0,152.0,170.0,1,357,418
59,5553957443,2016-04-15,1.505954798011456,23.0,-18.0,110.0,147.0,1,377,409
60,5553957443,2016-04-16,1.639880245904268,24.0,-14.0,67.0,69.0,2,651,686
61,5553957443,2016-04-17,1.353809180614142,17.0,-13.0,15.0,12.0,1,350,402
62,5553957443,2016-04-18,1.4017246331224424,17.0,-12.0,94.0,97.0,2,520,541
63,5553957443,2016-04-19,1.5889124756058606,36.0,-16.0,188.0,180.0,1,357,410
64,5553957443,2016-04-20,1.5007886963368902,15.0,-16.0,115.0,105.0,1,658,678
65,5553957443,2016-04-21,1.3809963162536736,16.0,-18.0,111.0,92.0,1,399,431
66,5553957443,2016-04-22,1.4048032567205975,17.0,-11.0,119.0,118.0,1,322,353
67,5553957443,2016-04-23,1.4763865128236835,18.0,-17.0,115.0,131.0,2,631,725
68,5553957443,2016-04-24,1.5222383245574402,18.0,-12.0,121.0,141.0,2,553,640
69,5553957443,2016-04-25,1.667891938126275,58.0,-23.0,63.0,69.0,1,433,468
70,5553957443,2016-04-26,1.682318164927353,23.0,-25.0,91.0,91.0,1,412,453
71,5553957443,2016-04-27,1.5655851725478256,16.0,-15.0,144.0,160.0,1,347,391
72,5553957443,2016-04-28,1.6835385515661498,53.0,-21.0,66.0,71.0,1,421,457
73,5553957443,2016-04-29,1.5308063902810864,20.0,-24.0,187.0,157.0,1,450,495
74,5553957443,2016-04-30,1.6561384830185908,24.0,-16.0,93.0,82.0,2,775,843
75,5553957443,2016-05-01,1.913672047041445,38.0,-38.0,107.0,82.0,2,622,686
76,5553957443,2016-05-02,1.5776646161417327,18.0,-20.0,150.0,144.0,1,409,471
77,5553957443,2016-05-03,1.618783400962259,18.0,-22.0,84.0,85.0,1,380,429
78,5553957443,2016-05-04,1.717070119246442,29.0,-23.0,77.0,79.0,1,447,470
79,5553957443,2016-05-05,1.622695901909143,41.0,-26.0,75.0,79.0,1,419,464
80,5553957443,2016-05-06,1.4385088901181786,15.0,-14.0,86.0,104.0,1,400,434
81,5553957443,2016-05-07,2.2146322971667503,78.0,-12.0,15.0,12.0,1,442,470
82,5553957443,2016-05-08,1.6481288770006395,22.0,-18.0,78.0,83.0,1,568,608
83,5553957443,2016-05-09,1.5264943227987913,24.0,-15.0,150.0,170.0,1,453,494
84,5553957443,2016-05-10,1.4878585220780274,14.0,-18.0,149.0,163.0,1,418,443
85,5553957443,2016-05-11,1.406949924117422,21.0,-12.0,86.0,108.0,1,463,486
86,5553957443,2016-05-12,1.5609720315980993,18.0,-15.0,27.0,31.0,1,438,475
87,5577150313,2016-04-12,1.9798326517283409,27.0,-36.0,95.0,109.0,1,419,438
88,5577150313,2016-04-13,1.9552196839586045,54.0,-37.0,42.0,41.0,1,432,458
89,5577150313,2016-04-14,2.0790840542514615,69.0,-40.0,53.0,81.0,1,477,497
90,5577150313,2016-04-15,1.7145913582984609,47.0,-45.0,120.0,120.0,1,392,413
91,5577150313,2016-04-16,1.0176592056831635,19.0,-47.0,185.0,223.0,1,406,445
92,5577150313,2016-04-17,2.1341478375070078,23.0,-51.0,53.0,54.0,1,549,583
93,5577150313,2016-04-18,2.2180348252531767,52.0,-46.0,57.0,89.0,1,527,553
94,5577150313,2016-04-19,2.4251785014895404,64.0,-73.0,61.0,50.0,1,449,465
95,5577150313,2016-04-20,2.2520609153708153,79.0,-45.0,24.0,42.0,1,447,480
96,5577150313,2016-04-21,2.22406411063676,38.0,-64.0,64.0,86.0,1,414,437
97,5577150313,2016-04-22,2.557239465558618,49.0,-42.0,40.0,69.0,1,338,366
98,5577150313,2016-04-23,2.622643262620737,51.0,-96.0,43.0,55.0,1,384,402
99,5577150313,2016-04-24,2.0969082927455376,55.0,-42.0,46.0,60.0,1,543,615
100,5577150313,2016-04-25,2.0137819138268322,15.0,-39.0,57.0,90.0,1,421,461
101,5577150313,2016-04-26,2.3737552134683426,38.0,-35.0,88.0,112.0,1,354,377
102,5577150313,2016-04-27,2.2718448324805642,22.0,-58.0,50.0,89.0,1,424,452
103,5577150313,2016-04-28,2.1543722822280555,24.0,-59.0,75.0,68.0,1,361,372
104,5577150313,2016-04-29,2.141075399647244,48.0,-47.0,32.0,80.0,1,459,485
105,5577150313,2016-04-30,2.123979280659895,10.0,-54.0,38.0,83.0,1,412,433
106,5577150313,2016-05-01,2.078190168811847,34.0,-46.0,58.0,59.0,1,379,398
107,5577150313,2016-05-02,2.3713021212213796,44.0,-43.0,23.0,41.0,2,525,553
108,5577150313,2016-05-03,2.088471860279347,43.0,-33.0,59.0,74.0,1,508,543
109,5577150313,2016-05-04,2.1346827653847713,52.0,-47.0,69.0,83.0,1,603,634
110,5577150313,2016-05-05,2.396604519681317,30.0,-47.0,44.0,71.0,1,74,78
111,5577150313,2016-05-10,2.0054080123748848,53.0,-41.0,56.0,77.0,1,504,562
112,5577150313,2016-05-11,2.2103214683936314,40.0,-37.0,35.0,35.0,1,431,476
113,6117666160,2016-04-16,2.2783487075747715,27.0,-32.0,82.0,128.0,1,380,398
114,6117666160,2016-04-17,2.315193982328687,30.0,-21.0,70.0,94.0,2,336,350
115,6117666160,2016-04-18,2.3754115473741897,20.0,-32.0,34.0,60.0,2,493,510
116,6117666160,2016-04-19,2.5183445627681165,49.0,-54.0,54.0,101.0,1,465,492
117,6117666160,2016-04-20,2.3628018126251544,28.0,-28.0,96.0,186.0,1,474,502
118,6117666160,2016-04-21,2.5859186694121243,35.0,-33.0,65.0,89.0,1,508,550
119,6117666160,2016-04-22,2.5190860748726824,51.0,-35.0,50.0,82.0,1,480,546
120,6117666160,2016-04-23,2.437817678583533,30.0,-36.0,61.0,102.0,1,492,539
121,6117666160,2016-04-24,2.4469216140075956,22.0,-32.0,30.0,87.0,1,353,367
122,6117666160,2016-04-27,2.4921203541380916,28.0,-26.0,48.0,117.0,1,542,557
123,6117666160,2016-04-28,2.559620884243598,50.0,-39.0,82.0,97.0,1,393,416
124,6117666160,2016-04-29,2.370355446200058,25.0,-28.0,70.0,173.0,1,600,636
125,6117666160,2016-05-01,2.3543945935216835,23.0,-20.0,47.0,98.0,1,507,575
126,6117666160,2016-05-05,2.363214707764502,31.0,-36.0,55.0,150.0,1,392,415
127,6117666160,2016-05-06,2.602735998945176,26.0,-38.0,40.0,60.0,2,658,698
128,6117666160,2016-05-07,2.559412240865719,36.0,-38.0,50.0,121.0,2,498,507
129,6117666160,2016-05-08,2.2980820035601264,33.0,-23.0,70.0,125.0,1,555,603
130,6117666160,2016-05-09,2.9063932655823157,29.0,-40.0,35.0,52.0,1,492,522
131,6775888955,2016-04-13,2.83573953527991,53.0,-64.0,17.0,39.0,1,235,260
132,6775888955,2016-04-14,2.4593444653794627,29.0,-48.0,30.0,81.0,1,423,441
133,6775888955,2016-04-15,2.7910638381128625,37.0,-41.0,26.0,57.0,1,391,406
134,6962181067,2016-04-12,1.7441893677161997,20.0,-26.0,101.0,104.0,1,366,387
135,6962181067,2016-04-13,2.108577159531189,27.0,-43.0,97.0,76.0,3,630,679
136,6962181067,2016-04-14,1.9701340157110334,53.0,-19.0,128.0,128.0,2,508,535
137,6962181067,2016-04-15,1.7696195603942724,24.0,-24.0,93.0,86.0,1,370,386
138,6962181067,2016-04-16,1.8073248808866529,50.0,-35.0,116.0,109.0,1,357,366
139,6962181067,2016-04-17,2.1176378612043605,26.0,-30.0,89.0,72.0,1,427,446
140,6962181067,2016-04-18,1.8500696022498455,30.0,-32.0,85.0,87.0,1,442,458
141,6962181067,2016-04-19,1.9128011619086553,33.0,-23.0,119.0,124.0,1,476,535
142,6962181067,2016-04-20,1.7948354101340787,37.0,-28.0,105.0,100.0,1,418,424
143,6962181067,2016-04-21,1.8741277802409742,34.0,-26.0,147.0,132.0,1,451,457
144,6962181067,2016-04-22,1.8492979381210928,35.0,-25.0,106.0,127.0,1,425,435
145,6962181067,2016-04-23,1.804442299391679,21.0,-27.0,100.0,123.0,1,528,546
146,6962181067,2016-04-24,2.0282943882195474,24.0,-19.0,93.0,91.0,1,511,514
147,6962181067,2016-04-25,1.8159058867194384,23.0,-13.0,122.0,118.0,1,400,415
148,6962181067,2016-04-26,1.7322774004836963,28.0,-17.0,98.0,105.0,1,441,446
149,6962181067,2016-04-27,1.999882972956323,41.0,-27.0,120.0,134.0,1,455,467
150,6962181067,2016-04-28,1.9502034200654084,50.0,-23.0,117.0,125.0,1,440,453
151,6962181067,2016-04-29,1.979870720349696,35.0,-50.0,126.0,126.0,1,433,447
152,6962181067,2016-04-30,1.9036534337418771,22.0,-25.0,128.0,117.0,1,422,424
153,6962181067,2016-05-01,2.052642488941137,46.0,-52.0,66.0,52.0,1,411,426
154,6962181067,2016-05-02,1.919056446658557,34.0,-29.0,113.0,128.0,1,466,482
155,6962181067,2016-05-03,1.9783256446116293,38.0,-27.0,92.0,133.0,1,394,418
156,6962181067,2016-05-04,2.0775928810007893,31.0,-25.0,83.0,87.0,1,442,455
157,6962181067,2016-05-05,1.9434001450322422,32.0,-34.0,90.0,128.0,1,467,491
158,6962181067,2016-05-06,1.8294600242023853,33.0,-19.0,90.0,123.0,1,443,462
159,6962181067,2016-05-07,2.2586496993568344,55.0,-55.0,109.0,88.0,1,298,334
160,6962181067,2016-05-08,1.7825529684443953,42.0,-20.0,66.0,77.0,1,541,569
161,6962181067,2016-05-09,2.1355685311840746,89.0,-83.0,50.0,47.0,1,489,497
162,6962181067,2016-05-10,2.000634179853315,25.0,-22.0,75.0,86.0,1,469,481
163,6962181067,2016-05-11,1.788590558190087,42.0,-21.0,114.0,95.0,1,452,480
164,6962181067,2016-05-12,1.952107921955479,31.0,-25.0,55.0,50.0,1,516,535
165,7007744171,2016-04-16,1.9133558940180626,16.0,-20.0,49.0,99.0,1,79,82
166,7007744171,2016-05-01,2.098493633077669,26.0,-25.0,37.0,60.0,1,58,61
167,8792009665,2016-04-12,2.7567221536188122,43.0,-57.0,73.0,66.0,1,458,493
168,8792009665,2016-04-13,2.333262017268157,37.0,-26.0,111.0,84.0,1,531,552
169,8792009665,2016-04-14,2.221965455836883,38.0,-43.0,85.0,82.0,1,486,503
170,8792009665,2016-04-15,2.4725934062405717,26.0,-21.0,46.0,43.0,1,363,377
171,8792009665,2016-04-20,2.1672613828063536,34.0,-33.0,81.0,58.0,1,528,547
172,8792009665,2016-04-22,2.404191607283744,53.0,-50.0,64.0,63.0,1,391,407
173,8792009665,2016-04-23,2.190910262115503,28.0,-30.0,123.0,91.0,1,339,360
174,8792009665,2016-04-27,2.3487184229104408,49.0,-23.0,126.0,92.0,1,423,428
175,8792009665,2016-04-28,2.4959790877850203,38.0,-34.0,92.0,78.0,1,402,416
176,8792009665,2016-04-29,2.5484964040840086,61.0,-36.0,94.0,81.0,1,398,406
177,8792009665,2016-04-30,2.303176298218167,36.0,-47.0,102.0,98.0,1,343,360
178,8792009665,2016-05-01,2.2605740322543793,37.0,-41.0,110.0,99.0,1,503,527
179,8792009665,2016-05-02,2.0466799358696983,38.0,-39.0,84.0,77.0,1,415,423
180,8792009665,2016-05-03,2.3812585652183667,43.0,-49.0,105.0,101.0,1,516,545
181,8792009665,2016-05-04,2.3471527981541676,25.0,-30.0,50.0,45.0,1,439,463
