,Id,Day,Calories,TotalSleepRecords,TotalMinutesAsleep,TotalTimeInBed,StepTotal,PersonID
0,1503960366,2016-04-12,1985,1,327,346,13162,0
1,1503960366,2016-04-13,1797,2,384,407,10735,0
2,1503960366,2016-04-15,1745,1,412,442,9762,0
3,1503960366,2016-04-16,1863,2,340,367,12669,0
4,1503960366,2016-04-17,1728,1,700,712,9705,0
5,1503960366,2016-04-19,2035,1,304,320,15506,0
6,1503960366,2016-04-20,1786,1,360,377,10544,0
7,1503960366,2016-04-21,1775,1,325,364,9819,0
8,1503960366,2016-04-23,1949,1,361,384,14371,0
9,1503960366,2016-04-24,1788,1,430,449,10039,0
10,1503960366,2016-04-25,2013,1,277,323,15355,0
11,1503960366,2016-04-26,1970,1,245,274,13755,0
12,1503960366,2016-04-28,1898,1,366,393,13154,0
13,1503960366,2016-04-29,1837,1,341,354,11181,0
14,1503960366,2016-04-30,1947,1,404,425,14673,0
15,1503960366,2016-05-01,1820,1,369,396,10602,0
16,1503960366,2016-05-02,2004,1,277,309,14727,0
17,1503960366,2016-05-03,1990,1,273,296,15103,0
18,1503960366,2016-05-05,1959,1,247,264,14070,0
19,1503960366,2016-05-06,1896,1,334,367,12159,0
20,1503960366,2016-05-07,1821,1,331,349,11992,0
21,1503960366,2016-05-08,1740,1,594,611,10060,0
22,1503960366,2016-05-09,1819,1,338,342,12022,0
23,1503960366,2016-05-10,1859,1,383,403,12207,0
24,1503960366,2016-05-11,1783,1,285,306,12770,0
25,1644430081,2016-04-29,2498,1,119,127,3176,1
26,1644430081,2016-04-30,3846,1,124,142,18213,1
27,1644430081,2016-05-02,2580,1,796,961,3758,1
28,1644430081,2016-05-08,2987,1,137,154,6724,1
29,1844505072,2016-04-15,1725,1,644,961,3844,2
30,1844505072,2016-04-30,1763,1,722,961,4014,2
31,1844505072,2016-05-01,1541,1,590,961,2573,2
32,1927972279,2016-04-12,2220,3,750,775,678,3
33,1927972279,2016-04-13,2151,1,398,422,356,3
34,1927972279,2016-04-15,2221,2,475,499,980,3
35,1927972279,2016-04-26,2638,1,296,315,3761,3
36,1927972279,2016-04-28,2351,1,166,178,1675,3
37,2026352035,2016-04-12,1459,1,503,546,4414,4
38,2026352035,2016-04-13,1521,1,531,565,4993,4
39,2026352035,2016-04-14,1431,1,545,568,3335,4
40,2026352035,2016-04-15,1444,1,523,573,3821,4
41,2026352035,2016-04-16,1373,1,524,567,2547,4
42,2026352035,2016-04-17,1214,1,437,498,838,4
43,2026352035,2016-04-19,1356,1,498,540,2424,4
44,2026352035,2016-04-20,1667,1,461,510,7222,4
45,2026352035,2016-04-21,1370,1,477,514,2467,4
46,2026352035,2016-04-22,1399,1,520,545,2915,4
47,2026352035,2016-04-23,1916,1,522,554,12357,4
48,2026352035,2016-04-24,1401,1,555,591,3490,4
49,2026352035,2016-04-25,1576,1,506,531,6017,4
50,2026352035,2016-04-27,1593,1,508,545,6088,4
51,2026352035,2016-04-28,1649,1,513,545,6375,4
52,2026352035,2016-04-29,1692,1,490,510,7604,4
53,2026352035,2016-04-30,1506,1,573,607,4729,4
54,2026352035,2016-05-01,1447,1,527,546,3609,4
55,2026352035,2016-05-02,1690,1,511,543,7018,4
56,2026352035,2016-05-04,1658,1,538,560,6564,4
57,2026352035,2016-05-05,1926,1,468,485,12167,4
58,2026352035,2016-05-06,1736,1,524,548,8198,4
59,2026352035,2016-05-07,1491,1,511,521,4193,4
60,2026352035,2016-05-08,1555,1,541,568,5528,4
61,2026352035,2016-05-09,1869,1,531,556,10685,4
62,2026352035,2016-05-10,1141,1,357,380,254,4
63,2026352035,2016-05-11,1698,1,523,553,8580,4
64,2026352035,2016-05-12,1364,1,456,485,8891,4
65,2320127002,2016-04-23,1804,1,61,69,5079,5
66,2347167796,2016-04-13,2038,1,467,531,10352,6
67,2347167796,2016-04-14,2010,1,445,489,10129,6
68,2347167796,2016-04-15,2133,1,452,504,10465,6
69,2347167796,2016-04-17,1882,1,556,602,5472,6
70,2347167796,2016-04-18,1944,1,500,557,8247,6
71,2347167796,2016-04-19,2346,1,465,514,6711,6
72,2347167796,2016-04-21,2048,1,460,484,10080,6
73,2347167796,2016-04-22,1946,1,405,461,7804,6
74,2347167796,2016-04-23,2629,1,374,386,16901,6
75,2347167796,2016-04-24,2187,1,442,459,9471,6
76,2347167796,2016-04-25,2095,1,433,471,9482,6
77,2347167796,2016-04-26,1861,1,436,490,5980,6
78,2347167796,2016-04-27,2194,1,448,499,11423,6
79,2347167796,2016-04-28,1854,1,408,450,5439,6
80,2347167796,2016-04-29,403,1,411,473,42,6
81,3977333714,2016-04-12,1450,1,274,469,8856,7
82,3977333714,2016-04-13,1495,2,295,456,10035,7
83,3977333714,2016-04-14,1433,1,291,397,7641,7
84,3977333714,2016-04-15,1468,1,424,556,9010,7
85,3977333714,2016-04-16,1625,1,283,510,13459,7
86,3977333714,2016-04-17,1529,1,381,566,10415,7
87,3977333714,2016-04-18,1584,2,412,522,11663,7
88,3977333714,2016-04-19,1638,1,219,395,12414,7
89,3977333714,2016-04-20,1554,2,152,305,11658,7
90,3977333714,2016-04-21,1397,1,332,512,6093,7
91,3977333714,2016-04-22,1481,1,355,476,8911,7
92,3977333714,2016-04-23,1638,1,235,372,12058,7
93,3977333714,2016-04-24,1655,1,310,526,14112,7
94,3977333714,2016-04-25,1570,1,262,467,11177,7
95,3977333714,2016-04-26,1551,1,250,371,11388,7
96,3977333714,2016-04-27,1377,1,349,540,7193,7
97,3977333714,2016-04-28,1407,1,261,423,7114,7
98,3977333714,2016-04-29,1545,1,333,478,10645,7
99,3977333714,2016-04-30,1650,1,237,382,13238,7
100,3977333714,2016-05-01,1501,1,383,626,10414,7
101,3977333714,2016-05-02,1760,1,230,384,16520,7
102,3977333714,2016-05-03,1710,1,292,500,14335,7
103,3977333714,2016-05-04,1628,1,213,336,13559,7
104,3977333714,2016-05-05,1618,1,318,480,12312,7
105,3977333714,2016-05-06,1590,1,323,512,11677,7
106,3977333714,2016-05-07,1574,1,237,443,11550,7
107,3977333714,2016-05-08,1633,2,259,456,13585,7
108,3977333714,2016-05-10,1630,1,312,452,13072,7
109,4020332650,2016-04-12,3654,1,501,541,8539,8
110,4020332650,2016-04-16,3051,1,77,77,1982,8
111,4020332650,2016-05-03,2828,1,322,332,4496,8
112,4020332650,2016-05-04,3879,1,478,536,10252,8
113,4020332650,2016-05-05,3429,1,226,248,11728,8
114,4020332650,2016-05-06,2704,1,385,408,4369,8
115,4020332650,2016-05-08,3089,1,364,402,5862,8
116,4020332650,2016-05-10,2926,1,442,494,5546,8
117,4319703577,2016-04-14,2302,1,535,557,10210,9
118,4319703577,2016-04-15,1985,1,465,491,5664,9
119,4319703577,2016-04-16,1884,1,506,522,4744,9
120,4319703577,2016-04-18,1632,1,515,551,2276,9
121,4319703577,2016-04-19,2200,2,461,498,8925,9
122,4319703577,2016-04-20,2220,1,523,543,8954,9
123,4319703577,2016-04-21,1792,1,59,65,3702,9
124,4319703577,2016-04-22,1886,1,533,550,4500,9
125,4319703577,2016-04-23,1945,1,692,722,4935,9
126,4319703577,2016-04-24,1880,1,467,501,4081,9
127,4319703577,2016-04-25,2314,1,488,506,9259,9
128,4319703577,2016-04-26,2236,1,505,516,9899,9
129,4319703577,2016-04-27,2324,1,286,307,10780,9
130,4319703577,2016-04-28,2367,1,497,522,10817,9
131,4319703577,2016-04-29,2175,1,523,546,7990,9
132,4319703577,2016-04-30,2092,1,490,516,8221,9
133,4319703577,2016-05-01,1593,1,484,500,1251,9
134,4319703577,2016-05-02,2270,1,478,506,9261,9
135,4319703577,2016-05-03,2235,1,474,512,9648,9
136,4319703577,2016-05-06,2266,1,450,491,9524,9
137,4319703577,2016-05-07,2158,1,507,530,7937,9
138,4319703577,2016-05-08,1792,1,602,638,3672,9
139,4319703577,2016-05-09,2345,1,535,565,10378,9
140,4319703577,2016-05-10,2260,1,487,517,9487,9
141,4319703577,2016-05-11,2232,1,529,558,9129,9
142,4319703577,2016-05-12,257,1,302,321,17,9
143,4388161847,2016-04-15,3066,1,499,526,8758,10
144,4388161847,2016-04-16,3073,2,426,448,6580,10
145,4388161847,2016-04-17,2572,2,619,641,4660,10
146,4388161847,2016-04-18,3274,1,99,104,11009,10
147,4388161847,2016-04-19,3015,1,329,338,10181,10
148,4388161847,2016-04-20,3083,1,421,451,10553,10
149,4388161847,2016-04-21,3069,1,442,458,10055,10
150,4388161847,2016-04-22,3544,1,82,85,12139,10
151,4388161847,2016-04-23,3306,1,478,501,13236,10
152,4388161847,2016-04-24,2885,3,552,595,10243,10
153,4388161847,2016-04-26,2929,1,319,346,9461,10
154,4388161847,2016-04-27,3074,1,439,500,11193,10
155,4388161847,2016-04-28,2969,1,428,458,10074,10
156,4388161847,2016-04-30,3283,2,409,430,12533,10
157,4388161847,2016-05-01,2926,1,547,597,10255,10
158,4388161847,2016-05-02,3147,2,368,376,10096,10
159,4388161847,2016-05-04,3162,1,390,414,12375,10
160,4388161847,2016-05-05,2899,1,471,495,9603,10
161,4388161847,2016-05-05,2899,1,471,495,9603,10
162,4388161847,2016-05-07,4022,1,472,496,22770,10
163,4388161847,2016-05-08,3934,2,529,541,17298,10
164,4388161847,2016-05-09,3013,1,62,65,10218,10
165,4388161847,2016-05-10,3061,1,354,375,10299,10
166,4388161847,2016-05-11,2954,1,469,494,10201,10
167,4445114986,2016-04-12,2113,2,429,457,3276,11
168,4445114986,2016-04-13,2095,2,370,406,2961,11
169,4445114986,2016-04-14,2194,1,441,492,3974,11
170,4445114986,2016-04-15,2496,2,337,379,7198,11
171,4445114986,2016-04-16,2180,1,462,499,3945,11
172,4445114986,2016-04-17,1933,1,98,107,2268,11
173,4445114986,2016-04-19,1954,2,388,424,2064,11
174,4445114986,2016-04-20,1974,1,439,462,2072,11
175,4445114986,2016-04-21,2150,1,436,469,3809,11
176,4445114986,2016-04-22,2432,1,388,417,6831,11
177,4445114986,2016-04-25,2070,1,328,345,3385,11
178,4445114986,2016-04-26,2291,2,353,391,6326,11
179,4445114986,2016-04-27,2361,1,332,374,7243,11
180,4445114986,2016-04-28,2203,1,419,442,4493,11
181,4445114986,2016-04-29,2196,1,106,108,4676,11
182,4445114986,2016-04-30,2363,1,322,353,6222,11
183,4445114986,2016-05-01,2246,2,439,459,5232,11
184,4445114986,2016-05-02,2336,1,502,542,6910,11
185,4445114986,2016-05-03,2421,2,417,450,7502,11
186,4445114986,2016-05-04,2070,2,337,363,2923,11
187,4445114986,2016-05-05,2120,2,462,513,3800,11
188,4445114986,2016-05-06,2211,2,374,402,4514,11
189,4445114986,2016-05-07,2123,2,401,436,5183,11
190,4445114986,2016-05-08,2423,1,361,391,7303,11
191,4445114986,2016-05-09,2281,1,457,533,5275,11
192,4445114986,2016-05-10,2181,1,405,426,3915,11
193,4445114986,2016-05-11,2499,1,499,530,9105,11
194,4445114986,2016-05-12,1212,1,483,501,768,11
195,4558609924,2016-04-21,2486,1,126,137,13743,12
196,4558609924,2016-04-26,2223,1,103,121,9148,12
197,4558609924,2016-04-29,1918,1,171,179,7833,12
198,4558609924,2016-05-01,1692,1,115,129,3428,12
199,4558609924,2016-05-08,2666,1,123,134,6543,12
200,4702921684,2016-04-12,2947,1,425,439,7213,13
201,4702921684,2016-04-13,2898,2,400,430,6877,13
202,4702921684,2016-04-14,2984,1,384,415,7860,13
203,4702921684,2016-04-15,2896,1,253,257,6506,13
204,4702921684,2016-04-16,3328,2,382,406,11140,13
205,4702921684,2016-04-17,3394,1,591,612,12692,13
206,4702921684,2016-04-18,3013,1,293,312,9105,13
207,4702921684,2016-04-19,2812,1,457,487,6708,13
208,4702921684,2016-04-20,3061,1,454,468,8793,13
209,4702921684,2016-04-21,2729,1,425,434,6530,13
210,4702921684,2016-04-23,3691,1,465,475,15126,13
211,4702921684,2016-04-24,3538,1,480,506,15050,13
212,4702921684,2016-04-25,3064,1,370,380,9167,13
213,4702921684,2016-04-26,2784,1,421,429,6108,13
214,4702921684,2016-04-27,2908,1,432,449,7047,13
215,4702921684,2016-04-28,3033,1,442,461,9023,13
216,4702921684,2016-04-29,3165,1,433,447,9930,13
217,4702921684,2016-04-30,3115,1,479,501,10144,13
218,4702921684,2016-05-03,3145,1,327,373,9454,13
219,4702921684,2016-05-04,3004,1,412,434,8161,13
220,4702921684,2016-05-05,3006,1,414,428,8614,13
221,4702921684,2016-05-06,2859,1,404,449,6943,13
222,4702921684,2016-05-07,3683,1,520,543,14370,13
223,4702921684,2016-05-07,3683,1,520,543,14370,13
224,4702921684,2016-05-09,2990,1,435,458,8232,13
225,4702921684,2016-05-10,3172,1,416,431,10613,13
226,4702921684,2016-05-11,3069,1,354,366,9810,13
227,4702921684,2016-05-12,1240,1,404,442,2752,13
228,5553957443,2016-04-12,2026,1,441,464,11596,14
229,5553957443,2016-04-13,1718,2,455,488,4832,14
230,5553957443,2016-04-14,2324,1,357,418,17022,14
231,5553957443,2016-04-15,2254,1,377,409,16556,14
232,5553957443,2016-04-16,1831,2,651,686,5771,14
233,5553957443,2016-04-17,1397,1,350,402,655,14
234,5553957443,2016-04-18,1683,2,520,541,3727,14
235,5553957443,2016-04-19,2284,1,357,410,15482,14
236,5553957443,2016-04-20,1570,1,658,678,2713,14
237,5553957443,2016-04-21,2066,1,399,431,12346,14
238,5553957443,2016-04-22,2105,1,322,353,11682,14
239,5553957443,2016-04-23,1776,2,631,725,4112,14
240,5553957443,2016-04-24,1507,2,553,640,1807,14
241,5553957443,2016-04-25,2033,1,433,468,10946,14
242,5553957443,2016-04-26,2093,1,412,453,11886,14
243,5553957443,2016-04-27,1922,1,347,391,10538,14
244,5553957443,2016-04-28,1999,1,421,457,11393,14
245,5553957443,2016-04-29,2169,1,450,495,12764,14
246,5553957443,2016-04-30,1463,2,775,843,1202,14
247,5553957443,2016-05-01,1747,2,622,686,5164,14
248,5553957443,2016-05-02,1996,1,409,471,9769,14
249,5553957443,2016-05-03,2116,1,380,429,12848,14
250,5553957443,2016-05-04,1698,1,447,470,4249,14
251,5553957443,2016-05-05,2156,1,419,464,14331,14
252,5553957443,2016-05-06,1916,1,400,434,9632,14
253,5553957443,2016-05-07,1494,1,442,470,1868,14
254,5553957443,2016-05-08,1762,1,568,608,6083,14
255,5553957443,2016-05-09,2272,1,453,494,11611,14
256,5553957443,2016-05-10,2335,1,418,443,16358,14
257,5553957443,2016-05-11,1693,1,463,486,4926,14
258,5553957443,2016-05-12,741,1,438,475,3121,14
259,5577150313,2016-04-12,3405,1,419,438,8135,15
260,5577150313,2016-04-13,2551,1,432,458,5077,15
261,5577150313,2016-04-14,4022,1,477,497,8596,15
262,5577150313,2016-04-15,4005,1,392,413,12087,15
263,5577150313,2016-04-16,4274,1,406,445,14269,15
264,5577150313,2016-04-17,4552,1,549,583,12231,15
265,5577150313,2016-04-18,3625,1,527,553,9893,15
266,5577150313,2016-04-19,3501,1,449,465,12574,15
267,5577150313,2016-04-20,3192,1,447,480,8330,15
268,5577150313,2016-04-21,4018,1,414,437,10830,15
269,5577150313,2016-04-22,3329,1,338,366,9172,15
270,5577150313,2016-04-23,3152,1,384,402,7638,15
271,5577150313,2016-04-24,4392,1,543,615,15764,15
272,5577150313,2016-04-25,3374,1,421,461,6393,15
273,5577150313,2016-04-26,3088,1,354,377,5325,15
274,5577150313,2016-04-27,3294,1,424,452,6805,15
275,5577150313,2016-04-28,3580,1,361,372,9841,15
276,5577150313,2016-04-29,3544,1,459,485,7924,15
277,5577150313,2016-04-30,4501,1,412,433,12363,15
278,5577150313,2016-05-01,4546,1,379,398,13368,15
279,5577150313,2016-05-02,3014,2,525,553,7439,15
280,5577150313,2016-05-03,3795,1,508,543,11045,15
281,5577150313,2016-05-04,2755,1,603,634,5206,15
282,5577150313,2016-05-05,3004,1,74,78,7550,15
283,5577150313,2016-05-10,3841,1,504,562,8869,15
284,5577150313,2016-05-11,1665,1,431,476,4038,15
285,6117666160,2016-04-16,2828,1,380,398,14450,16
286,6117666160,2016-04-17,2225,2,336,350,7150,16
287,6117666160,2016-04-18,2018,2,493,510,5153,16
288,6117666160,2016-04-19,2606,1,465,492,11135,16
289,6117666160,2016-04-20,2536,1,474,502,10449,16
290,6117666160,2016-04-21,4900,1,508,550,19542,16
291,6117666160,2016-04-22,2409,1,480,546,8206,16
292,6117666160,2016-04-23,2651,1,492,539,11495,16
293,6117666160,2016-04-24,2305,1,353,367,7623,16
294,6117666160,2016-04-27,2576,1,542,557,9411,16
295,6117666160,2016-04-28,1879,1,393,416,3403,16
296,6117666160,2016-04-29,2560,1,600,636,9592,16
297,6117666160,2016-05-01,2361,1,507,575,8915,16
298,6117666160,2016-05-05,2636,1,392,415,9799,16
299,6117666160,2016-05-06,1838,2,658,698,3365,16
300,6117666160,2016-05-07,2469,2,498,507,7336,16
301,6117666160,2016-05-08,2250,1,555,603,7328,16
302,6117666160,2016-05-09,1248,1,492,522,4477,16
303,6775888955,2016-04-13,2400,1,235,260,4053,17
304,6775888955,2016-04-14,2507,1,423,441,5162,17
305,6775888955,2016-04-15,2127,1,391,406,1282,17
306,6962181067,2016-04-12,1994,1,366,387,10199,18
307,6962181067,2016-04-13,1718,3,630,679,5652,18
308,6962181067,2016-04-14,1466,2,508,535,1551,18
309,6962181067,2016-04-15,1756,1,370,386,5563,18
310,6962181067,2016-04-16,2173,1,357,366,13217,18
311,6962181067,2016-04-17,2027,1,427,446,10145,18
312,6962181067,2016-04-18,2039,1,442,458,11404,18
313,6962181067,2016-04-19,2046,1,476,535,10742,18
314,6962181067,2016-04-20,2174,1,418,424,13928,18
315,6962181067,2016-04-21,2179,1,451,457,11835,18
316,6962181067,2016-04-22,2086,1,425,435,10725,18
317,6962181067,2016-04-23,2571,1,528,546,20031,18
318,6962181067,2016-04-24,1705,1,511,514,5029,18
319,6962181067,2016-04-25,2194,1,400,415,13239,18
320,6962181067,2016-04-26,2012,1,441,446,10433,18
321,6962181067,2016-04-27,2034,1,455,467,10320,18
322,6962181067,2016-04-28,2182,1,440,453,12627,18
323,6962181067,2016-04-29,2254,1,433,447,10762,18
324,6962181067,2016-04-30,2002,1,422,424,10081,18
325,6962181067,2016-05-01,1740,1,411,426,5454,18
326,6962181067,2016-05-02,2162,1,466,482,12912,18
327,6962181067,2016-05-03,2072,1,394,418,12109,18
328,6962181067,2016-05-04,2086,1,442,455,10147,18
329,6962181067,2016-05-05,2066,1,467,491,10524,18
330,6962181067,2016-05-06,1850,1,443,462,5908,18
331,6962181067,2016-05-07,1947,1,298,334,6815,18
332,6962181067,2016-05-08,1659,1,541,569,4188,18
333,6962181067,2016-05-09,2105,1,489,497,12342,18
334,6962181067,2016-05-10,2361,1,469,481,15448,18
335,6962181067,2016-05-11,1855,1,452,480,6722,18
336,6962181067,2016-05-12,928,1,516,535,3587,18
337,7007744171,2016-04-16,2076,1,79,82,4631,19
338,7007744171,2016-05-01,2225,1,58,61,5600,19
339,7086361926,2016-04-12,2772,1,514,525,11317,20
340,7086361926,2016-04-13,2516,1,451,465,5813,20
341,7086361926,2016-04-14,2734,1,472,476,9123,20
342,7086361926,2016-04-15,2395,1,377,386,8585,20
343,7086361926,2016-04-19,2944,1,472,483,10688,20
344,7086361926,2016-04-20,2997,1,492,502,14365,20
345,7086361926,2016-04-21,2463,1,390,411,9469,20
346,7086361926,2016-04-22,2846,1,428,448,9753,20
347,7086361926,2016-04-24,2049,1,681,704,3520,20
348,7086361926,2016-04-25,2752,1,446,447,10091,20
349,7086361926,2016-04-26,2781,1,485,500,10387,20
350,7086361926,2016-04-27,2693,1,469,479,11107,20
351,7086361926,2016-04-28,2862,1,354,367,11584,20
352,7086361926,2016-04-30,2995,1,485,489,14560,20
353,7086361926,2016-05-01,2730,1,388,407,12390,20
354,7086361926,2016-05-02,2754,1,440,459,10052,20
355,7086361926,2016-05-03,2754,1,456,461,10288,20
356,7086361926,2016-05-04,2655,1,420,436,10988,20
357,7086361926,2016-05-06,2924,1,322,333,12461,20
358,7086361926,2016-05-07,2739,1,530,548,12827,20
359,7086361926,2016-05-08,2534,1,481,510,10677,20
360,7086361926,2016-05-09,2960,1,427,438,13566,20
361,7086361926,2016-05-11,2735,1,451,463,9572,20
362,7086361926,2016-05-12,1199,1,444,457,3789,20
363,8053475328,2016-04-20,3043,1,486,493,15108,21
364,8053475328,2016-04-23,3554,1,331,337,22359,21
365,8053475328,2016-05-07,3331,1,74,75,19769,21
366,8378563200,2016-04-12,3635,1,338,356,7626,22
367,8378563200,2016-04-13,4079,2,447,487,12386,22
368,8378563200,2016-04-14,4163,1,424,455,13318,22
369,8378563200,2016-04-15,3666,1,513,533,14461,22
370,8378563200,2016-04-16,3363,2,611,689,11207,22
371,8378563200,2016-04-17,2572,2,525,591,2132,22
372,8378563200,2016-04-18,4157,1,398,451,13630,22
373,8378563200,2016-04-19,4092,1,387,421,13070,22
374,8378563200,2016-04-20,3787,1,381,409,9388,22
375,8378563200,2016-04-21,4236,1,396,417,15148,22
376,8378563200,2016-04-22,4044,1,441,469,12200,22
377,8378563200,2016-04-23,2908,1,565,591,5709,22
378,8378563200,2016-04-24,2741,1,458,492,3703,22
379,8378563200,2016-04-25,4005,1,388,402,12405,22
380,8378563200,2016-04-25,4005,1,388,402,12405,22
381,8378563200,2016-04-26,3763,1,550,584,16208,22
382,8378563200,2016-04-27,3061,1,531,600,7359,22
383,8378563200,2016-04-28,2884,1,506,556,5417,22
384,8378563200,2016-04-29,2982,1,527,562,6175,22
385,8378563200,2016-04-30,2660,1,468,555,2946,22
386,8378563200,2016-05-01,3369,1,475,539,11419,22
387,8378563200,2016-05-02,3491,1,351,385,6064,22
388,8378563200,2016-05-03,3784,1,405,429,8712,22
389,8378563200,2016-05-04,3110,1,441,477,7875,22
390,8378563200,2016-05-05,3783,1,381,417,8567,22
391,8378563200,2016-05-06,3644,1,323,355,7045,22
392,8378563200,2016-05-07,2799,2,459,513,4468,22
393,8378563200,2016-05-08,2685,1,545,606,2943,22
394,8378563200,2016-05-09,3721,1,359,399,8382,22
395,8378563200,2016-05-10,3586,1,342,391,6582,22
396,8378563200,2016-05-11,3788,1,368,387,9143,22
397,8378563200,2016-05-12,1976,1,496,546,4561,22
398,8792009665,2016-04-12,2044,1,458,493,2564,23
399,8792009665,2016-04-13,1934,1,531,552,1320,23
400,8792009665,2016-04-14,1963,1,486,503,1219,23
401,8792009665,2016-04-15,2009,1,363,377,2483,23
402,8792009665,2016-04-20,2188,1,528,547,3147,23
403,8792009665,2016-04-22,2419,1,391,407,4068,23
404,8792009665,2016-04-23,2748,1,339,360,5245,23
405,8792009665,2016-04-27,2067,1,423,428,1758,23
406,8792009665,2016-04-28,2780,1,402,416,6157,23
407,8792009665,2016-04-29,3101,1,398,406,8360,23
408,8792009665,2016-04-30,2896,1,343,360,7174,23
409,8792009665,2016-05-01,1962,1,503,527,1619,23
410,8792009665,2016-05-02,2015,1,415,423,1831,23
411,8792009665,2016-05-03,2297,1,516,545,2421,23
412,8792009665,2016-05-04,2067,1,439,463,2283,23
