,Id,Day,Calories,TotalSleepRecords,TotalMinutesAsleep,TotalTimeInBed,StepTotal,Value_x,Value_y,Value
0,2026352035,2016-04-17,1214,1,437,498,838,3.486182523389671,68.65625,68.0
1,2026352035,2016-04-25,1576,1,506,531,6017,7.662667354562549,99.50581395348837,98.0
2,2026352035,2016-05-02,1690,1,511,543,7018,9.091549218865323,84.13457076566125,81.0
3,2026352035,2016-05-09,1869,1,531,556,10685,9.533802915502116,98.2339008142117,98.0
4,2347167796,2016-04-13,2038,1,467,531,10352,13.014520601143056,73.81290461804058,71.0
5,2347167796,2016-04-14,2010,1,445,489,10129,10.277766133677728,72.57948213700426,70.0
6,2347167796,2016-04-15,2133,1,452,504,10465,13.722963268782275,75.68525687977399,71.0
7,2347167796,2016-04-17,1882,1,556,602,5472,9.519801784551051,75.36218020022247,74.0
8,2347167796,2016-04-18,1944,1,500,557,8247,12.569569564902949,71.23214476924724,67.0
9,2347167796,2016-04-19,2346,1,465,514,6711,18.328490084976544,81.30099693251533,77.0
10,2347167796,2016-04-21,2048,1,460,484,10080,13.509271837760352,73.41425341802132,70.0
11,2347167796,2016-04-22,1946,1,405,461,7804,11.746592344853816,71.99640209332752,70.0
12,2347167796,2016-04-23,2629,1,374,386,16901,18.44339948142773,83.43309231897726,82.0
13,2347167796,2016-04-24,2187,1,442,459,9471,12.725310686205724,77.57597373188406,76.0
14,2347167796,2016-04-25,2095,1,433,471,9482,12.902683977933034,73.86135600335852,71.0
15,2347167796,2016-04-26,1861,1,436,490,5980,9.506563248577413,71.73179652000444,70.0
16,2347167796,2016-04-27,2194,1,448,499,11423,14.162094727549526,75.19362135263515,73.0
17,2347167796,2016-04-28,1854,1,408,450,5439,8.628068744476584,73.40854132002218,71.0
18,2347167796,2016-04-29,403,1,411,473,42,4.2919223307790855,62.86971235194586,62.0
19,4020332650,2016-04-12,3654,1,501,541,8539,15.890220524765471,83.4990136324824,87.0
20,4020332650,2016-04-16,3051,1,77,77,1982,20.47741137061041,100.90332042707966,98.0
21,4020332650,2016-05-03,2828,1,322,332,4496,11.725384173686543,77.8770095559303,77.0
22,4020332650,2016-05-04,3879,1,478,536,10252,16.474221534299144,83.4561661803678,86.0
23,4020332650,2016-05-05,3429,1,226,248,11728,14.171129634388606,85.57474310689543,86.0
24,4020332650,2016-05-06,2704,1,385,408,4369,12.314605821970984,75.64283228276422,75.0
25,4020332650,2016-05-08,3089,1,364,402,5862,13.871358475256507,78.0410612388964,79.0
26,4020332650,2016-05-10,2926,1,442,494,5546,15.6505703615165,72.61970379024775,73.0
27,4388161847,2016-04-15,3066,1,499,526,8758,13.633701709057677,67.47093970668115,64.0
28,4388161847,2016-04-16,3073,2,426,448,6580,10.287697734440876,75.47658862876254,74.0
29,4388161847,2016-04-17,2572,2,619,641,4660,8.696562402996703,66.39134502923977,65.0
30,4388161847,2016-04-18,3274,1,99,104,11009,26.51873847540271,81.49099490746491,72.0
31,4388161847,2016-04-19,3015,1,329,338,10181,13.577948874455041,65.5324563295234,62.0
32,4388161847,2016-04-20,3083,1,421,451,10553,12.680283828900524,65.40125868055556,62.0
33,4388161847,2016-04-21,3069,1,442,458,10055,13.234841339564841,63.099279119767296,59.0
34,4388161847,2016-04-22,3544,1,82,85,12139,15.380257238574506,73.27719923266649,70.0
35,4388161847,2016-04-23,3306,1,478,501,13236,18.094491930015447,67.08074201158053,63.0
36,4388161847,2016-04-24,2885,3,552,595,10243,10.159938969013258,62.10169687175343,60.0
37,4388161847,2016-04-26,2929,1,319,346,9461,10.682037835274738,62.51359843970094,60.0
38,4388161847,2016-04-27,3074,1,439,500,11193,11.947215332825706,62.120521869318786,60.0
39,4388161847,2016-04-28,2969,1,428,458,10074,12.976279327741379,62.32648343180067,60.0
40,4388161847,2016-04-30,3283,2,409,430,12533,12.628506186711304,64.22769296925392,60.0
41,4388161847,2016-05-01,2926,1,547,597,10255,11.644935934278978,60.02217947267172,58.0
42,4388161847,2016-05-02,3147,2,368,376,10096,19.411422653804138,66.39496105160661,61.0
43,4388161847,2016-05-04,3162,1,390,414,12375,12.826594333536848,61.94766681203663,59.0
44,4388161847,2016-05-05,2899,1,471,495,9603,12.644154424330749,61.041297935103245,57.0
45,4388161847,2016-05-05,2899,1,471,495,9603,12.644154424330749,61.041297935103245,57.0
46,4388161847,2016-05-07,4022,1,472,496,22770,16.609366095434932,66.62712040795088,62.0
47,4388161847,2016-05-08,3934,2,529,541,17298,32.725678626875755,76.78011037766476,67.0
48,4388161847,2016-05-09,3013,1,62,65,10218,11.987579670358302,64.05171717171717,60.0
49,4388161847,2016-05-10,3061,1,354,375,10299,12.241306828708817,61.22121701669359,59.0
50,4388161847,2016-05-11,2954,1,469,494,10201,11.786198657777472,59.97196611014204,57.0
51,4558609924,2016-04-21,2486,1,126,137,13743,13.894975377945114,85.66238718698361,87.0
52,4558609924,2016-04-26,2223,1,103,121,9148,15.5918234122708,91.335402888379,89.0
53,4558609924,2016-04-29,1918,1,171,179,7833,15.686759632282522,80.55509145902347,77.0
54,4558609924,2016-05-01,1692,1,115,129,3428,10.081638598603572,70.84190403364558,69.0
55,4558609924,2016-05-08,2666,1,123,134,6543,25.127634714930256,104.87147199305254,102.0
56,5553957443,2016-04-12,2026,1,441,464,11596,8.360215467895248,64.36511350059737,62.0
57,5553957443,2016-04-13,1718,2,455,488,4832,6.610217353253555,61.483418208918145,61.0
58,5553957443,2016-04-14,2324,1,357,418,17022,17.778952210938478,72.56047167909696,65.0
59,5553957443,2016-04-15,2254,1,377,409,16556,15.674609408759185,69.0200328407225,63.0
60,5553957443,2016-04-16,1831,2,651,686,5771,7.108690158074934,66.0213644088371,65.0
61,5553957443,2016-04-17,1397,1,350,402,655,4.426399919339846,59.37717466945024,59.0
62,5553957443,2016-04-18,1683,2,520,541,3727,6.606634471871116,65.3844028632425,65.0
63,5553957443,2016-04-19,2284,1,357,410,15482,17.50753524235679,74.88753310631857,70.0
64,5553957443,2016-04-20,1570,1,658,678,2713,5.4787937971492555,60.040417526398834,59.0
65,5553957443,2016-04-21,2066,1,399,431,12346,17.588645011662926,71.33225337951068,66.0
66,5553957443,2016-04-22,2105,1,322,353,11682,16.47009258055005,70.42847711267606,64.0
67,5553957443,2016-04-23,1776,2,631,725,4112,6.815408521155722,67.07407854984895,67.0
68,5553957443,2016-04-24,1507,2,553,640,1807,5.106580098208108,63.97276314114802,63.0
69,5553957443,2016-04-25,2033,1,433,468,10946,17.43411362302127,72.04626295690126,66.0
70,5553957443,2016-04-26,2093,1,412,453,11886,16.845282876963445,73.01322425193321,67.0
71,5553957443,2016-04-27,1922,1,347,391,10538,8.381722015784911,65.07076392877657,63.0
72,5553957443,2016-04-28,1999,1,421,457,11393,20.25898977548024,71.07164801404433,63.0
73,5553957443,2016-04-29,2169,1,450,495,12764,16.557913819278898,73.07417008111047,68.0
74,5553957443,2016-04-30,1463,2,775,843,1202,5.211504041965117,65.77999501122474,65.0
75,5553957443,2016-05-01,1747,2,622,686,5164,7.315930636530659,66.54344989561586,66.0
76,5553957443,2016-05-02,1996,1,409,471,9769,17.936595575718446,72.59142652035689,65.0
77,5553957443,2016-05-03,2116,1,380,429,12848,16.904941979872596,69.95312333155366,64.0
78,5553957443,2016-05-04,1698,1,447,470,4249,6.162361101489097,61.67218347322378,61.0
79,5553957443,2016-05-05,2156,1,419,464,14331,17.592740167165577,69.4014172571905,62.0
80,5553957443,2016-05-06,1916,1,400,434,9632,8.353679643213544,63.165196696066076,60.0
81,5553957443,2016-05-07,1494,1,442,470,1868,8.343196016072127,63.02644230769231,62.0
82,5553957443,2016-05-08,1762,1,568,608,6083,7.099962660167141,65.5694360947457,64.0
83,5553957443,2016-05-09,2272,1,453,494,11611,24.709148332149372,76.65612883984491,65.0
84,5553957443,2016-05-10,2335,1,418,443,16358,19.044732939002824,76.83269438710312,69.0
85,5553957443,2016-05-11,1693,1,463,486,4926,6.237599460076876,65.40050890585242,64.0
86,5553957443,2016-05-12,741,1,438,475,3121,10.666581332165206,64.19532265049806,60.0
87,5577150313,2016-04-12,3405,1,419,438,8135,19.11430648984793,65.65607369027059,60.0
88,5577150313,2016-04-13,2551,1,432,458,5077,13.764538822356426,59.7035779576913,55.0
89,5577150313,2016-04-14,4022,1,477,497,8596,26.618007832780336,76.83571282888028,68.0
90,5577150313,2016-04-15,4005,1,392,413,12087,21.979985415180696,73.68219516499029,66.0
91,5577150313,2016-04-16,4274,1,406,445,14269,23.501206129270095,69.84255028980566,60.0
92,5577150313,2016-04-17,4552,1,549,583,12231,26.846347550330478,71.11754189944133,61.0
93,5577150313,2016-04-18,3625,1,527,553,9893,19.688597517395216,68.649090276973,64.0
94,5577150313,2016-04-19,3501,1,449,465,12574,17.81788224898997,70.46025152878735,65.0
95,5577150313,2016-04-20,3192,1,447,480,8330,17.9049597005147,69.17306809487376,64.0
96,5577150313,2016-04-21,4018,1,414,437,10830,21.058897284184773,72.31130021769246,65.0
97,5577150313,2016-04-22,3329,1,338,366,9172,17.963439423017157,64.64848702308336,58.0
98,5577150313,2016-04-23,3152,1,384,402,7638,17.037263667068487,65.07899988261534,58.0
99,5577150313,2016-04-24,4392,1,543,615,15764,23.09101949069347,72.2686495562485,62.0
100,5577150313,2016-04-25,3374,1,421,461,6393,17.38272657232471,67.54545454545455,63.0
101,5577150313,2016-04-26,3088,1,354,377,5325,16.314217939614473,65.35988133272478,61.0
102,5577150313,2016-04-27,3294,1,424,452,6805,17.636743090634994,66.42827775239836,62.0
103,5577150313,2016-04-28,3580,1,361,372,9841,20.969894519692733,70.68770690796734,64.0
104,5577150313,2016-04-29,3544,1,459,485,7924,20.402647181878468,66.26641414141415,58.0
105,5577150313,2016-04-30,4501,1,412,433,12363,23.8546520513928,71.55549407989378,60.0
106,5577150313,2016-05-01,4546,1,379,398,13368,21.4431183660054,73.70357503081924,65.0
107,5577150313,2016-05-02,3014,2,525,553,7439,19.72639157574131,64.60946601941748,58.0
108,5577150313,2016-05-03,3795,1,508,543,11045,20.308983910245217,70.00069044879172,65.0
109,5577150313,2016-05-04,2755,1,603,634,5206,14.488207978567063,62.24588163514338,58.0
110,5577150313,2016-05-05,3004,1,74,78,7550,18.00144265082905,72.21057965139846,65.0
111,5577150313,2016-05-10,3841,1,504,562,8869,20.154789029455216,75.29284883200573,71.0
112,5577150313,2016-05-11,1665,1,431,476,4038,20.600685419056735,67.04067948144836,61.0
113,6117666160,2016-04-16,2828,1,380,398,14450,12.611811055830065,87.02745664739885,87.0
114,6117666160,2016-04-17,2225,2,336,350,7150,10.877821992581163,85.35302197802197,85.0
115,6117666160,2016-04-18,2018,2,493,510,5153,10.372438762277682,82.91442424242425,81.0
116,6117666160,2016-04-19,2606,1,465,492,11135,15.713240867338653,83.5081252044934,84.0
117,6117666160,2016-04-20,2536,1,474,502,10449,18.10107086764468,85.50435634937922,86.0
118,6117666160,2016-04-21,4900,1,508,550,19542,15.779354119660246,79.40156418554477,80.0
119,6117666160,2016-04-22,2409,1,480,546,8206,12.431238201918816,81.7020639147803,82.0
120,6117666160,2016-04-23,2651,1,492,539,11495,12.973734571451544,81.79523809523809,84.0
121,6117666160,2016-04-24,2305,1,353,367,7623,11.92144275796475,84.20596510973552,83.0
122,6117666160,2016-04-27,2576,1,542,557,9411,15.660687830949554,83.14904055822068,84.0
123,6117666160,2016-04-28,1879,1,393,416,3403,12.108584200889064,80.09522625559423,81.0
124,6117666160,2016-04-29,2560,1,600,636,9592,13.325963713418812,82.1624183006536,82.0
125,6117666160,2016-05-01,2361,1,507,575,8915,10.861590678430442,77.43914274160939,75.0
126,6117666160,2016-05-05,2636,1,392,415,9799,14.617479324965581,84.71879315839796,86.0
127,6117666160,2016-05-06,1838,2,658,698,3365,9.626188130067446,76.57278208441,76.0
128,6117666160,2016-05-07,2469,2,498,507,7336,13.92445229385366,83.87947810703228,84.0
129,6117666160,2016-05-08,2250,1,555,603,7328,12.57163210988598,81.14073912569498,81.0
130,6117666160,2016-05-09,1248,1,492,522,4477,14.092869514119986,76.46606060606061,75.0
131,6775888955,2016-04-13,2400,1,235,260,4053,16.012564332480675,82.71974376572867,79.0
132,6775888955,2016-04-14,2507,1,423,441,5162,15.151810199946667,79.26807673389081,74.0
133,6775888955,2016-04-15,2127,1,391,406,1282,12.015538283945782,80.59450072358901,76.0
134,6962181067,2016-04-12,1994,1,366,387,10199,20.021195590515646,85.03632013919095,77.0
135,6962181067,2016-04-13,1718,3,630,679,5652,10.11633076878251,80.51959835470602,78.0
136,6962181067,2016-04-14,1466,2,508,535,1551,7.059133869697798,70.12622079367041,68.0
137,6962181067,2016-04-15,1756,1,370,386,5563,11.217518014437488,72.99198084979055,71.0
138,6962181067,2016-04-16,2173,1,357,366,13217,18.298641262649035,82.04018218623482,77.0
139,6962181067,2016-04-17,2027,1,427,446,10145,13.334962613822883,76.66448880822746,73.0
140,6962181067,2016-04-18,2039,1,442,458,11404,15.34682410750455,76.9169910837624,72.0
141,6962181067,2016-04-19,2046,1,476,535,10742,15.24113111827721,77.42858801672085,74.0
142,6962181067,2016-04-20,2174,1,418,424,13928,14.917245244224652,74.90601080594327,70.0
143,6962181067,2016-04-21,2179,1,451,457,11835,25.00615541276768,83.47130206625123,74.0
144,6962181067,2016-04-22,2086,1,425,435,10725,21.764621471333434,79.11627137341424,71.0
145,6962181067,2016-04-23,2571,1,528,546,20031,21.47967357538429,84.64590097402598,81.0
146,6962181067,2016-04-24,1705,1,511,514,5029,10.849246637959228,68.82344093486059,67.0
147,6962181067,2016-04-25,2194,1,400,415,13239,15.311227435019097,73.98988232706478,70.0
148,6962181067,2016-04-26,2012,1,441,446,10433,18.059058182292485,77.07536166872266,73.0
149,6962181067,2016-04-27,2034,1,455,467,10320,13.172226625159425,72.99697498545666,69.0
150,6962181067,2016-04-28,2182,1,440,453,12627,23.684574046415776,82.0752688172043,75.0
151,6962181067,2016-04-29,2254,1,433,447,10762,16.639744189190456,80.9635204922536,76.0
152,6962181067,2016-04-30,2002,1,422,424,10081,19.538143365644864,80.1626647834275,73.0
153,6962181067,2016-05-01,1740,1,411,426,5454,9.768122590643685,73.29039031620553,71.0
154,6962181067,2016-05-02,2162,1,466,482,12912,15.14155487135762,79.67409119562933,75.0
155,6962181067,2016-05-03,2072,1,394,418,12109,14.263321589933723,75.40436222450612,70.0
156,6962181067,2016-05-04,2086,1,442,455,10147,20.669549959546906,79.47459105779717,72.0
157,6962181067,2016-05-05,2066,1,467,491,10524,14.280734668729805,76.64476227290298,72.0
158,6962181067,2016-05-06,1850,1,443,462,5908,10.077367633449501,72.33436738311545,71.0
159,6962181067,2016-05-07,1947,1,298,334,6815,10.508172560465006,76.97600374575676,76.0
160,6962181067,2016-05-08,1659,1,541,569,4188,10.376230113819657,74.99709744298549,74.0
161,6962181067,2016-05-09,2105,1,489,497,12342,14.298217909921267,77.01762783095961,72.0
162,6962181067,2016-05-10,2361,1,469,481,15448,22.187759974210234,83.32208250606662,75.0
163,6962181067,2016-05-11,1855,1,452,480,6722,18.737397066883503,79.25104235242485,74.0
164,6962181067,2016-05-12,928,1,516,535,3587,12.949523626645373,75.71574096531651,69.0
165,7007744171,2016-04-16,2076,1,79,82,4631,10.918220122096379,79.95248226950355,77.0
166,7007744171,2016-05-01,2225,1,58,61,5600,13.646963449749839,84.96455424274973,83.0
167,8792009665,2016-04-12,2044,1,458,493,2564,12.121486816825428,68.92157638065112,66.0
168,8792009665,2016-04-13,1934,1,531,552,1320,10.212017635101066,68.50609149676778,67.0
169,8792009665,2016-04-14,1963,1,486,503,1219,11.38770426812986,69.08939820399411,69.0
170,8792009665,2016-04-15,2009,1,363,377,2483,8.088111698590692,66.8635228848821,65.0
171,8792009665,2016-04-20,2188,1,528,547,3147,13.526220265885252,69.61815840309079,69.0
172,8792009665,2016-04-22,2419,1,391,407,4068,13.833394478506124,70.26147822992051,67.0
173,8792009665,2016-04-23,2748,1,339,360,5245,14.841772787758241,77.82583837273226,75.0
174,8792009665,2016-04-27,2067,1,423,428,1758,12.225554755232379,68.79205329526529,68.0
175,8792009665,2016-04-28,2780,1,402,416,6157,16.471017047434557,76.701621506294,76.0
176,8792009665,2016-04-29,3101,1,398,406,8360,15.841144815301528,80.91153025710116,81.0
177,8792009665,2016-04-30,2896,1,343,360,7174,14.072831526120737,81.46464198625581,81.0
178,8792009665,2016-05-01,1962,1,503,527,1619,9.892939612972292,67.81017067223964,66.0
179,8792009665,2016-05-02,2015,1,415,423,1831,10.397178163126984,67.40391870512353,65.0
180,8792009665,2016-05-03,2297,1,516,545,2421,12.616910233083177,74.37193973634652,74.0
181,8792009665,2016-05-04,2067,1,439,463,2283,8.896460212446762,74.97814661134163,74.0
